1.000	90.000	26.04
1.000	91.000	26.05
1.000	92.000	26.00
1.000	93.000	25.91
1.000	94.000	25.75
1.000	95.000	25.53
1.000	96.000	25.25
1.000	97.000	24.89
1.000	98.000	24.43
1.000	99.000	23.87
1.000	100.000	23.18
1.000	101.000	19.02
1.000	102.000	17.68
1.000	103.000	16.07
1.000	104.000	14.05
1.000	105.000	11.52
1.000	106.000	8.35
1.000	107.000	4.49
1.000	108.000	0.14
1.000	109.000	4.27
1.000	110.000	8.26
1.000	111.000	11.59
1.000	112.000	14.27
1.000	113.000	16.43
1.000	114.000	18.16
1.000	115.000	19.59
1.000	116.000	20.78
1.000	117.000	21.77
1.000	118.000	22.60
1.000	119.000	23.31
1.000	120.000	23.92
1.000	121.000	24.43
1.000	122.000	24.88
1.000	123.000	25.25
1.000	124.000	25.58
1.000	125.000	25.85
1.000	126.000	26.08
1.000	127.000	26.27
1.000	128.000	26.42
1.000	129.000	26.54
1.000	130.000	26.64
1.000	131.000	26.70
1.000	132.000	26.74
1.000	133.000	26.76
1.000	134.000	26.76
1.000	135.000	26.94
1.000	136.000	26.69
1.000	137.000	26.63
1.000	138.000	26.55
1.000	139.000	26.45
1.000	140.000	26.33
1.000	141.000	26.21
1.000	142.000	26.05
1.000	143.000	25.89
1.000	144.000	25.71
1.000	145.000	25.52
1.000	146.000	25.31
1.000	147.000	25.09
1.000	148.000	24.85
1.000	149.000	24.59
1.000	150.000	24.33
1.000	151.000	24.03
1.000	152.000	23.72
1.000	153.000	23.38
1.000	154.000	23.04
1.000	155.000	22.66
1.000	156.000	22.25
1.000	157.000	21.83
1.000	158.000	21.36
1.000	159.000	20.87
1.000	160.000	20.34
1.000	161.000	19.77
1.000	162.000	19.17
1.000	163.000	18.51
1.000	164.000	17.80
1.000	165.000	17.04
1.000	166.000	16.20
1.000	167.000	15.32
1.000	168.000	14.38
1.000	169.000	13.35
1.000	170.000	12.27
1.000	171.000	11.11
1.000	172.000	9.88
1.000	173.000	8.57
1.050	90.000	26.87
1.050	91.000	26.87
1.050	92.000	26.82
1.050	93.000	26.71
1.050	94.000	26.55
1.050	95.000	26.33
1.050	96.000	26.05
1.050	97.000	22.31
1.050	98.000	21.92
1.050	99.000	21.32
1.050	100.000	20.54
1.050	101.000	19.55
1.050	102.000	18.29
1.050	103.000	16.68
1.050	104.000	14.62
1.050	105.000	11.88
1.050	106.000	8.28
1.050	107.000	3.66
1.050	108.000	1.70
1.050	109.000	6.86
1.050	110.000	11.10
1.050	111.000	14.32
1.050	112.000	16.77
1.050	113.000	18.66
1.050	114.000	20.15
1.050	115.000	21.37
1.050	116.000	22.35
1.050	117.000	23.18
1.050	118.000	23.88
1.050	119.000	24.48
1.050	120.000	24.99
1.050	121.000	25.42
1.050	122.000	25.79
1.050	123.000	26.11
1.050	124.000	26.38
1.050	125.000	26.60
1.050	126.000	26.79
1.050	127.000	26.94
1.050	128.000	27.06
1.050	129.000	27.15
1.050	130.000	27.21
1.050	131.000	27.25
1.050	132.000	27.26
1.050	133.000	27.25
1.050	134.000	27.22
1.050	135.000	27.83
1.050	136.000	27.10
1.050	137.000	27.02
1.050	138.000	26.90
1.050	139.000	26.78
1.050	140.000	26.65
1.050	141.000	26.49
1.050	142.000	26.33
1.050	143.000	26.14
1.050	144.000	25.94
1.050	145.000	25.72
1.050	146.000	25.49
1.050	147.000	25.24
1.050	148.000	24.97
1.050	149.000	24.69
1.050	150.000	24.38
1.050	151.000	24.06
1.050	152.000	23.72
1.050	153.000	23.35
1.050	154.000	22.96
1.050	155.000	22.55
1.050	156.000	22.11
1.050	157.000	21.64
1.050	158.000	21.14
1.050	159.000	20.61
1.050	160.000	20.04
1.050	161.000	19.43
1.050	162.000	18.78
1.050	163.000	18.09
1.050	164.000	17.34
1.050	165.000	16.54
1.050	166.000	15.68
1.050	167.000	14.77
1.050	168.000	13.78
1.050	169.000	12.73
1.050	170.000	11.43
1.050	171.000	10.43
1.050	172.000	9.16
1.100	90.000	27.86
1.100	91.000	27.85
1.100	92.000	27.78
1.100	93.000	24.02
1.100	94.000	23.98
1.100	95.000	23.80
1.100	96.000	23.53
1.100	97.000	23.18
1.100	98.000	22.71
1.100	99.000	22.11
1.100	100.000	21.35
1.100	101.000	20.39
1.100	102.000	19.18
1.100	103.000	17.62
1.100	104.000	15.56
1.100	105.000	12.76
1.100	106.000	8.89
1.100	107.000	3.59
1.100	108.000	2.93
1.100	109.000	9.04
1.100	110.000	13.58
1.100	111.000	16.77
1.100	112.000	19.04
1.100	113.000	20.79
1.100	114.000	22.10
1.100	115.000	23.18
1.100	116.000	24.07
1.100	117.000	24.80
1.100	118.000	25.42
1.100	119.000	25.94
1.100	120.000	26.38
1.100	121.000	26.77
1.100	122.000	27.08
1.100	123.000	27.37
1.100	124.000	27.60
1.100	125.000	27.79
1.100	126.000	27.95
1.100	127.000	28.07
1.100	128.000	28.16
1.100	129.000	28.23
1.100	130.000	28.26
1.100	131.000	28.29
1.100	132.000	28.28
1.100	133.000	28.22
1.100	134.000	28.18
1.100	135.000	28.12
1.100	136.000	28.03
1.100	137.000	27.93
1.100	138.000	27.81
1.100	139.000	27.68
1.100	140.000	27.52
1.100	141.000	27.35
1.100	142.000	27.16
1.100	143.000	26.95
1.100	144.000	26.74
1.100	145.000	26.49
1.100	146.000	26.24
1.100	147.000	25.97
1.100	148.000	25.67
1.100	149.000	25.36
1.100	150.000	25.03
1.100	151.000	24.68
1.100	152.000	24.31
1.100	153.000	23.91
1.100	154.000	23.49
1.100	155.000	23.04
1.100	156.000	22.56
1.100	157.000	22.06
1.100	158.000	21.52
1.100	159.000	20.94
1.100	160.000	20.33
1.100	161.000	19.68
1.100	162.000	18.99
1.100	163.000	18.24
1.100	164.000	17.45
1.100	165.000	16.60
1.100	166.000	15.70
1.100	167.000	14.73
1.100	168.000	13.70
1.100	169.000	12.59
1.100	170.000	11.82
1.100	171.000	10.59
1.100	172.000	9.30
1.100	173.000	7.95
1.150	90.000	24.76
1.150	91.000	24.89
1.150	92.000	24.96
1.150	93.000	24.95
1.150	94.000	24.87
1.150	95.000	24.71
1.150	96.000	24.48
1.150	97.000	24.15
1.150	98.000	23.71
1.150	99.000	23.14
1.150	100.000	22.44
1.150	101.000	21.55
1.150	102.000	20.40
1.150	103.000	18.88
1.150	104.000	16.93
1.150	105.000	14.18
1.150	106.000	10.32
1.150	107.000	4.58
1.150	108.000	3.15
1.150	109.000	10.65
1.150	110.000	15.79
1.150	111.000	19.10
1.150	112.000	21.38
1.150	113.000	23.01
1.150	114.000	24.26
1.150	115.000	25.26
1.150	116.000	26.08
1.150	117.000	26.77
1.150	118.000	27.32
1.150	119.000	27.83
1.150	120.000	28.23
1.150	121.000	28.57
1.150	122.000	28.87
1.150	123.000	29.12
1.150	124.000	29.34
1.150	125.000	29.49
1.150	126.000	29.64
1.150	127.000	29.73
1.150	128.000	29.83
1.150	129.000	29.87
1.150	130.000	31.11
1.150	131.000	29.86
1.150	132.000	29.86
1.150	133.000	29.82
1.150	134.000	29.77
1.150	135.000	29.69
1.150	136.000	29.60
1.150	137.000	29.49
1.150	138.000	29.35
1.150	140.000	29.04
1.150	141.000	28.85
1.150	142.000	28.64
1.150	143.000	28.43
1.150	144.000	28.19
1.150	145.000	27.93
1.150	146.000	27.66
1.150	147.000	27.37
1.150	148.000	27.05
1.150	149.000	26.72
1.150	150.000	26.36
1.150	151.000	25.98
1.150	152.000	25.58
1.150	153.000	25.14
1.150	154.000	24.69
1.150	155.000	24.21
1.150	156.000	23.70
1.150	157.000	23.14
1.150	158.000	22.57
1.150	159.000	21.95
1.150	160.000	21.29
1.150	161.000	20.59
1.150	162.000	19.84
1.150	163.000	19.04
1.150	164.000	18.18
1.150	165.000	17.27
1.150	166.000	16.30
1.150	167.000	15.27
1.150	168.000	14.16
1.150	169.000	12.98
1.150	170.000	11.73
1.150	171.000	10.42
1.150	172.000	9.06
1.150	173.000	7.68
1.150	174.000	6.33
1.150	175.000	5.06
1.150	176.000	3.88
1.150	177.000	2.80
1.200	90.000	25.89
1.200	91.000	26.10
1.200	92.000	26.23
1.200	93.000	26.24
1.200	94.000	26.20
1.200	95.000	26.04
1.200	96.000	25.82
1.200	97.000	25.52
1.200	98.000	25.09
1.200	99.000	24.55
1.200	100.000	23.89
1.200	101.000	23.04
1.200	102.000	21.93
1.200	103.000	20.52
1.200	104.000	18.65
1.200	105.000	16.11
1.200	106.000	12.37
1.200	107.000	6.72
1.200	108.000	1.91
1.200	109.000	11.58
1.200	110.000	17.97
1.200	111.000	21.63
1.200	112.000	23.98
1.200	113.000	25.58
1.200	114.000	26.84
1.200	115.000	27.84
1.200	116.000	28.60
1.200	117.000	29.24
1.200	118.000	29.78
1.200	119.000	30.24
1.200	120.000	30.63
1.200	121.000	30.97
1.200	122.000	31.27
1.200	123.000	31.48
1.200	124.000	31.70
1.200	125.000	31.89
1.200	126.000	32.01
1.200	127.000	32.08
1.200	129.000	32.16
1.200	130.000	32.22
1.200	131.000	32.23
1.200	132.000	32.21
1.200	133.000	32.18
1.200	134.000	32.13
1.200	135.000	32.06
1.200	136.000	31.94
1.200	137.000	31.83
1.200	138.000	31.68
1.200	139.000	31.54
1.200	140.000	31.36
1.200	141.000	31.19
1.200	142.000	30.97
1.200	143.000	30.73
1.200	144.000	30.48
1.200	145.000	30.21
1.200	146.000	29.95
1.200	147.000	29.61
1.200	148.000	29.29
1.200	149.000	28.94
1.200	150.000	28.56
1.200	151.000	28.17
1.200	152.000	27.72
1.200	153.000	27.27
1.200	154.000	26.79
1.200	155.000	26.26
1.200	156.000	25.72
1.200	157.000	25.12
1.200	158.000	24.49
1.200	159.000	23.83
1.200	160.000	23.11
1.200	161.000	22.34
1.200	162.000	23.11
1.200	163.000	20.66
1.200	164.000	19.74
1.200	165.000	18.74
1.200	166.000	17.68
1.200	167.000	18.18
1.200	168.000	16.97
1.200	169.000	15.68
1.200	170.000	14.29
1.200	171.000	12.81
1.200	172.000	11.25
1.200	173.000	9.61
1.200	174.000	6.85
1.200	175.000	5.48
1.200	176.000	4.21
1.200	177.000	3.05
1.250	90.000	27.73
1.250	91.000	27.95
1.250	92.000	28.03
1.250	93.000	28.06
1.250	94.000	27.97
1.250	95.000	27.84
1.250	96.000	27.61
1.250	97.000	27.29
1.250	98.000	26.88
1.250	99.000	26.34
1.250	100.000	25.69
1.250	101.000	24.89
1.250	102.000	23.84
1.250	103.000	22.57
1.250	104.000	20.78
1.250	105.000	18.42
1.250	106.000	15.02
1.250	107.000	9.67
1.250	108.000	0.89
1.250	109.000	11.59
1.250	110.000	20.25
1.250	111.000	24.62
1.250	112.000	27.09
1.250	113.000	28.84
1.250	114.000	30.06
1.250	115.000	31.00
1.250	116.000	31.77
1.250	117.000	32.41
1.250	118.000	32.95
1.250	119.000	33.42
1.250	120.000	33.82
1.250	121.000	34.12
1.250	122.000	34.43
1.250	123.000	34.65
1.250	124.000	34.87
1.250	125.000	35.03
1.250	126.000	35.16
1.250	127.000	35.26
1.250	128.000	35.35
1.250	129.000	35.46
1.250	130.000	35.50
1.250	131.000	35.52
1.250	132.000	35.48
1.250	133.000	35.47
1.250	134.000	35.43
1.250	135.000	35.39
1.250	136.000	35.27
1.250	137.000	35.19
1.250	138.000	35.05
1.250	139.000	34.94
1.250	140.000	34.76
1.250	141.000	34.57
1.250	142.000	34.40
1.250	143.000	34.17
1.250	144.000	33.93
1.250	145.000	33.67
1.250	146.000	33.38
1.250	147.000	33.08
1.250	148.000	32.76
1.250	149.000	32.37
1.250	150.000	32.00
1.250	151.000	31.60
1.250	152.000	31.13
1.250	153.000	30.68
1.250	154.000	30.15
1.250	155.000	29.60
1.250	156.000	30.61
1.250	157.000	30.06
1.250	158.000	29.46
1.250	159.000	27.01
1.250	160.000	28.12
1.250	161.000	27.37
1.250	162.000	26.55
1.250	163.000	25.67
1.250	164.000	24.71
1.250	165.000	23.68
1.250	166.000	22.55
1.250	167.000	21.34
1.250	168.000	20.01
1.250	169.000	18.58
1.250	170.000	17.03
1.250	171.000	15.36
1.250	172.000	13.57
1.250	173.000	11.66
1.250	174.000	9.67
1.250	175.000	7.67
1.250	176.000	5.78
1.250	177.000	4.08
1.300	90.000	30.22
1.300	91.000	30.32
1.300	92.000	30.39
1.300	93.000	30.35
1.300	94.000	30.24
1.300	95.000	30.08
1.300	96.000	29.82
1.300	97.000	29.50
1.300	98.000	29.11
1.300	99.000	28.58
1.300	100.000	27.95
1.300	101.000	27.19
1.300	102.000	26.27
1.300	103.000	25.02
1.300	104.000	23.51
1.300	105.000	21.35
1.300	106.000	18.25
1.300	107.000	13.40
1.300	108.000	4.89
1.300	109.000	10.51
1.300	110.000	23.66
1.300	111.000	28.69
1.300	112.000	31.29
1.300	113.000	33.07
1.300	114.000	34.26
1.300	115.000	35.18
1.300	116.000	35.93
1.300	117.000	36.47
1.300	118.000	37.01
1.300	119.000	37.49
1.300	120.000	37.91
1.300	121.000	38.19
1.300	122.000	38.52
1.300	123.000	38.75
1.300	124.000	39.02
1.300	125.000	39.13
1.300	126.000	39.29
1.300	127.000	39.48
1.300	128.000	39.60
1.300	129.000	39.69
1.300	130.000	39.76
1.300	131.000	39.82
1.300	132.000	39.86
1.300	133.000	39.89
1.300	134.000	39.90
1.300	135.000	39.89
1.300	136.000	39.81
1.300	137.000	39.77
1.300	138.000	39.72
1.300	139.000	39.60
1.300	140.000	39.45
1.300	141.000	39.36
1.300	142.000	39.18
1.300	143.000	38.99
1.300	144.000	38.85
1.300	145.000	38.62
1.300	146.000	38.38
1.300	147.000	38.12
1.300	148.000	37.83
1.300	149.000	37.95
1.300	150.000	37.68
1.300	151.000	37.39
1.300	152.000	37.07
1.300	153.000	35.86
1.300	154.000	35.41
1.300	155.000	34.86
1.300	156.000	34.28
1.300	157.000	33.59
1.300	158.000	32.91
1.300	159.000	32.18
1.300	160.000	31.33
1.300	161.000	30.42
1.300	162.000	29.49
1.300	163.000	28.43
1.300	164.000	27.28
1.300	165.000	26.04
1.300	166.000	24.68
1.300	167.000	23.27
1.300	168.000	21.74
1.300	169.000	20.06
1.300	170.000	18.24
1.300	171.000	16.39
1.300	172.000	14.34
1.300	173.000	12.25
1.300	174.000	10.12
1.300	175.000	8.02
1.300	176.000	6.11
1.300	177.000	4.39
1.350	90.000	33.28
1.350	91.000	33.33
1.350	92.000	33.27
1.350	93.000	33.19
1.350	94.000	33.13
1.350	95.000	32.90
1.350	96.000	32.70
1.350	97.000	32.31
1.350	98.000	31.93
1.350	99.000	31.48
1.350	100.000	30.87
1.350	101.000	30.25
1.350	102.000	29.40
1.350	103.000	28.36
1.350	104.000	27.04
1.350	105.000	25.13
1.350	106.000	22.54
1.350	107.000	18.39
1.350	108.000	10.40
1.350	110.000	30.39
1.350	111.000	35.07
1.350	112.000	37.25
1.350	113.000	38.62
1.350	114.000	39.63
1.350	115.000	40.43
1.350	116.000	41.10
1.350	117.000	41.68
1.350	118.000	42.18
1.350	119.000	42.53
1.350	120.000	42.95
1.350	121.000	43.34
1.350	122.000	43.60
1.350	123.000	43.93
1.350	124.000	44.15
1.350	125.000	42.84
1.350	126.000	44.61
1.350	127.000	44.78
1.350	128.000	44.93
1.350	129.000	45.06
1.350	130.000	45.18
1.350	131.000	45.37
1.350	132.000	45.46
1.350	133.000	45.54
1.350	134.000	45.61
1.350	135.000	45.67
1.350	136.000	45.64
1.350	137.000	45.68
1.350	138.000	45.70
1.350	139.000	45.71
1.350	140.000	45.64
1.350	141.000	45.63
1.350	142.000	44.23
1.350	143.000	44.19
1.350	144.000	44.13
1.350	145.000	45.24
1.350	146.000	45.16
1.350	147.000	44.99
1.350	148.000	44.81
1.350	149.000	44.61
1.350	150.000	44.39
1.350	151.000	44.15
1.350	152.000	43.89
1.350	153.000	43.60
1.350	154.000	43.20
1.350	155.000	42.77
1.350	156.000	42.39
1.350	157.000	41.88
1.350	158.000	41.33
1.350	159.000	40.64
1.350	160.000	40.43
1.350	161.000	39.15
1.350	162.000	38.25
1.350	163.000	37.15
1.350	164.000	35.95
1.350	165.000	34.63
1.350	166.000	33.16
1.350	167.000	31.43
1.350	168.000	29.62
1.350	169.000	27.60
1.350	170.000	25.35
1.350	171.000	23.04
1.350	172.000	20.46
1.350	173.000	17.80
1.350	174.000	14.80
1.350	175.000	11.78
1.350	176.000	8.86
1.350	177.000	6.23
1.400	90.000	36.99
1.400	91.000	37.02
1.400	92.000	37.01
1.400	93.000	36.90
1.400	94.000	36.76
1.400	95.000	36.51
1.400	96.000	36.31
1.400	97.000	35.98
1.400	98.000	35.61
1.400	99.000	35.20
1.400	100.000	34.73
1.400	101.000	34.20
1.400	102.000	33.60
1.400	103.000	32.76
1.400	104.000	31.89
1.400	105.000	30.59
1.400	106.000	29.02
1.400	107.000	26.10
1.400	108.000	19.87
1.400	110.000	43.47
1.400	111.000	44.59
1.400	112.000	45.36
1.400	113.000	45.99
1.400	114.000	46.55
1.400	115.000	47.06
1.400	116.000	47.51
1.400	117.000	47.83
1.400	118.000	48.26
1.400	119.000	48.67
1.400	120.000	49.05
1.400	121.000	49.32
1.400	122.000	49.67
1.400	123.000	49.91
1.400	124.000	50.24
1.400	125.000	50.46
1.400	126.000	50.76
1.400	127.000	50.96
1.400	128.000	51.24
1.400	129.000	51.42
1.400	131.000	51.76
1.400	132.000	52.00
1.400	133.000	52.15
1.400	134.000	52.29
1.400	135.000	52.43
1.400	136.000	52.56
1.400	137.000	52.68
1.400	138.000	49.70
1.400	139.000	49.81
1.400	140.000	53.02
1.400	141.000	53.12
1.400	142.000	53.22
1.400	143.000	53.31
1.400	144.000	53.40
1.400	145.000	53.40
1.400	146.000	53.48
1.400	147.000	53.55
1.400	148.000	53.62
1.400	149.000	53.60
1.400	150.000	53.66
1.400	151.000	50.51
1.400	152.000	53.67
1.400	153.000	53.62
1.400	154.000	53.57
1.400	155.000	53.60
1.400	156.000	53.52
1.400	157.000	53.44
1.400	158.000	53.34
1.400	159.000	53.23
1.400	160.000	53.10
1.400	161.000	52.84
1.400	162.000	52.67
1.400	163.000	52.34
1.400	164.000	51.97
1.400	165.000	51.40
1.400	166.000	50.74
1.400	167.000	49.83
1.400	168.000	48.58
1.400	169.000	46.73
1.400	170.000	44.13
1.400	171.000	40.59
1.400	172.000	36.55
1.400	173.000	32.14
1.400	174.000	27.74
1.400	175.000	22.85
1.400	176.000	17.71
1.400	177.000	12.13
1.450	90.000	41.79
1.450	91.000	41.78
1.450	92.000	41.66
1.450	93.000	41.51
1.450	94.000	41.35
1.450	95.000	41.07
1.450	96.000	40.87
1.450	97.000	40.66
1.450	98.000	40.43
1.450	99.000	40.09
1.450	100.000	39.87
1.450	101.000	39.51
1.450	102.000	39.33
1.450	103.000	39.03
1.450	104.000	38.79
1.450	105.000	38.96
1.450	106.000	39.21
1.450	107.000	40.33
1.450	109.000	58.64
1.450	110.000	56.17
1.450	111.000	54.96
1.450	112.000	54.44
1.450	113.000	54.26
1.450	114.000	54.30
1.450	115.000	54.45
1.450	116.000	54.54
1.450	117.000	54.81
1.450	118.000	55.10
1.450	119.000	55.41
1.450	120.000	55.62
1.450	121.000	55.95
1.450	122.000	56.28
1.450	123.000	56.50
1.450	124.000	56.83
1.450	125.000	57.05
1.450	126.000	57.38
1.450	127.000	57.60
1.450	128.000	57.91
1.450	129.000	58.14
1.450	130.000	58.44
1.450	131.000	58.66
1.450	132.000	58.96
1.450	133.000	59.17
1.450	134.000	59.38
1.450	135.000	59.59
1.450	136.000	55.20
1.450	137.000	60.09
1.450	138.000	60.30
1.450	139.000	60.51
1.450	140.000	60.80
1.450	141.000	61.01
1.450	142.000	61.22
1.450	143.000	61.43
1.450	144.000	61.65
1.450	145.000	61.95
1.450	146.000	62.18
1.450	147.000	62.41
1.450	148.000	62.64
1.450	149.000	62.88
1.450	150.000	63.13
1.450	151.000	63.39
1.450	152.000	63.65
1.450	153.000	64.02
1.450	154.000	64.31
1.450	155.000	64.61
1.450	156.000	64.94
1.450	157.000	65.28
1.450	158.000	65.63
1.450	159.000	66.01
1.450	160.000	66.42
1.450	161.000	66.94
1.450	162.000	67.40
1.450	163.000	67.90
1.450	164.000	68.52
1.450	165.000	69.10
1.450	166.000	69.81
1.450	167.000	70.48
1.450	168.000	71.30
1.450	169.000	72.18
1.450	170.000	73.19
1.450	171.000	74.18
1.450	172.000	75.27
1.450	173.000	76.45
1.450	174.000	77.58
1.450	175.000	78.63
1.450	176.000	79.56
1.450	177.000	80.32
1.500	90.000	47.29
1.500	91.000	47.13
1.500	92.000	47.05
1.500	93.000	46.87
1.500	94.000	46.79
1.500	95.000	46.61
1.500	96.000	46.43
1.500	97.000	46.40
1.500	98.000	46.28
1.500	99.000	46.20
1.500	100.000	46.18
1.500	101.000	46.28
1.500	102.000	46.52
1.500	103.000	47.24
1.500	104.000	48.16
1.500	105.000	49.76
1.500	106.000	52.57
1.500	107.000	57.41
1.500	108.000	62.88
1.500	109.000	64.38
1.500	110.000	63.66
1.500	111.000	62.80
1.500	112.000	62.17
1.500	113.000	61.77
1.500	114.000	61.44
1.500	115.000	61.39
1.500	116.000	61.44
1.500	117.000	61.57
1.500	118.000	61.64
1.500	119.000	61.86
1.500	120.000	62.11
1.500	121.000	62.28
1.500	122.000	62.57
1.500	123.000	62.87
1.500	124.000	63.09
1.500	125.000	63.40
1.500	126.000	63.63
1.500	127.000	63.95
1.500	128.000	64.19
1.500	129.000	64.52
1.500	130.000	64.76
1.500	131.000	65.09
1.500	132.000	65.34
1.500	133.000	65.67
1.500	134.000	65.92
1.500	135.000	66.25
1.500	136.000	66.51
1.500	137.000	66.84
1.500	138.000	67.10
1.500	139.000	67.37
1.500	140.000	67.71
1.500	141.000	67.98
1.500	142.000	68.26
1.500	143.000	68.61
1.500	144.000	63.66
1.500	145.000	69.18
1.500	146.000	69.54
1.500	147.000	69.85
1.500	148.000	70.16
1.500	149.000	70.54
1.500	150.000	70.87
1.500	151.000	71.22
1.500	152.000	71.62
1.500	153.000	71.99
1.500	154.000	72.41
1.500	155.000	72.80
1.500	156.000	73.25
1.500	157.000	73.65
1.500	158.000	74.12
1.500	159.000	74.56
1.500	160.000	75.05
1.500	161.000	75.51
1.500	162.000	76.02
1.500	163.000	76.54
1.500	164.000	77.03
1.500	165.000	77.57
1.500	166.000	78.10
1.500	167.000	78.64
1.500	168.000	79.17
1.500	169.000	79.68
1.500	170.000	80.19
1.500	171.000	80.67
1.500	172.000	81.12
1.500	173.000	81.54
1.500	174.000	81.92
1.500	175.000	82.25
1.500	176.000	82.52
1.500	177.000	82.74
1.550	90.000	53.06
1.550	91.000	52.94
1.550	92.000	52.84
1.550	93.000	52.74
1.550	94.000	52.66
1.550	95.000	52.62
1.550	96.000	52.62
1.550	97.000	52.68
1.550	98.000	52.67
1.550	99.000	52.92
1.550	100.000	53.31
1.550	101.000	53.90
1.550	102.000	54.77
1.550	103.000	56.01
1.550	104.000	57.53
1.550	105.000	59.83
1.550	106.000	62.65
1.550	107.000	65.42
1.550	108.000	67.22
1.550	109.000	67.97
1.550	110.000	64.07
1.550	111.000	64.07
1.550	112.000	64.05
1.550	113.000	67.15
1.550	114.000	67.01
1.550	115.000	66.86
1.550	116.000	66.87
1.550	117.000	66.95
1.550	118.000	67.00
1.550	119.000	67.17
1.550	120.000	67.30
1.550	121.000	67.53
1.550	122.000	67.71
1.550	123.000	67.98
1.550	124.000	68.19
1.550	125.000	68.48
1.550	126.000	68.78
1.550	127.000	69.02
1.550	128.000	69.33
1.550	129.000	69.58
1.550	130.000	69.84
1.550	131.000	70.16
1.550	132.000	70.42
1.550	133.000	70.75
1.550	134.000	71.01
1.550	135.000	71.34
1.550	136.000	71.61
1.550	137.000	71.94
1.550	138.000	72.22
1.550	139.000	72.50
1.550	140.000	72.81
1.550	141.000	73.10
1.550	142.000	73.43
1.550	143.000	73.72
1.550	144.000	69.40
1.550	145.000	74.36
1.550	146.000	70.20
1.550	147.000	75.01
1.550	148.000	75.31
1.550	149.000	75.67
1.550	150.000	75.98
1.550	151.000	76.34
1.550	152.000	76.66
1.550	153.000	73.14
1.550	154.000	77.35
1.550	155.000	77.68
1.550	156.000	78.05
1.550	157.000	78.38
1.550	158.000	78.75
1.550	159.000	75.91
1.550	160.000	79.45
1.550	161.000	76.89
1.550	162.000	77.38
1.550	163.000	77.88
1.550	164.000	80.83
1.550	165.000	81.15
1.550	166.000	81.48
1.550	167.000	81.78
1.550	168.000	82.09
1.550	169.000	82.37
1.550	170.000	82.64
1.550	171.000	82.88
1.550	172.000	83.12
1.550	173.000	83.32
1.550	174.000	83.50
1.550	175.000	83.66
1.550	176.000	83.28
1.550	177.000	83.90
1.600	90.000	58.36
1.600	91.000	58.31
1.600	92.000	58.17
1.600	93.000	58.17
1.600	94.000	58.10
1.600	95.000	58.19
1.600	96.000	58.35
1.600	97.000	58.48
1.600	98.000	58.84
1.600	99.000	59.20
1.600	100.000	59.86
1.600	101.000	60.73
1.600	102.000	61.69
1.600	103.000	63.04
1.600	104.000	64.47
1.600	105.000	66.12
1.600	106.000	67.69
1.600	107.000	68.91
1.600	108.000	69.76
1.600	109.000	70.20
1.600	110.000	70.39
1.600	111.000	70.38
1.600	112.000	70.35
1.600	113.000	70.27
1.600	114.000	70.26
1.600	115.000	70.23
1.600	116.000	70.30
1.600	117.000	70.35
1.600	118.000	70.49
1.600	119.000	70.60
1.600	120.000	70.80
1.600	121.000	70.96
1.600	122.000	71.20
1.600	123.000	71.40
1.600	124.000	71.67
1.600	125.000	71.89
1.600	126.000	72.17
1.600	127.000	72.41
1.600	128.000	72.65
1.600	129.000	72.95
1.600	130.000	73.20
1.600	131.000	73.50
1.600	132.000	73.76
1.600	133.000	74.02
1.600	134.000	74.33
1.600	135.000	74.58
1.600	136.000	74.88
1.600	137.000	75.15
1.600	138.000	75.41
1.600	139.000	75.72
1.600	140.000	75.98
1.600	141.000	76.25
1.600	142.000	76.55
1.600	143.000	76.82
1.600	144.000	77.09
1.600	145.000	77.39
1.600	146.000	77.66
1.600	147.000	77.93
1.600	148.000	78.22
1.600	149.000	78.49
1.600	150.000	78.76
1.600	151.000	79.05
1.600	152.000	79.32
1.600	153.000	79.59
1.600	154.000	79.87
1.600	155.000	80.13
1.600	156.000	80.39
1.600	157.000	80.67
1.600	158.000	80.92
1.600	159.000	81.18
1.600	160.000	81.44
1.600	161.000	81.68
1.600	162.000	81.91
1.600	163.000	80.76
1.600	164.000	81.10
1.600	165.000	82.59
1.600	166.000	81.75
1.600	167.000	83.01
1.600	168.000	83.19
1.600	169.000	83.37
1.600	170.000	83.53
1.600	171.000	83.68
1.600	172.000	83.34
1.600	173.000	83.94
1.600	174.000	84.05
1.600	175.000	84.14
1.600	176.000	84.22
1.600	177.000	84.28
1.650	90.000	62.58
1.650	91.000	62.48
1.650	92.000	62.41
1.650	93.000	62.47
1.650	94.000	62.48
1.650	95.000	62.55
1.650	96.000	62.79
1.650	97.000	63.02
1.650	98.000	63.45
1.650	99.000	63.90
1.650	100.000	64.47
1.650	101.000	65.27
1.650	102.000	66.06
1.650	103.000	67.04
1.650	104.000	67.96
1.650	105.000	68.84
1.650	106.000	69.65
1.650	107.000	70.26
1.650	108.000	70.73
1.650	109.000	71.02
1.650	110.000	71.20
1.650	111.000	71.34
1.650	112.000	71.41
1.650	113.000	71.50
1.650	114.000	71.56
1.650	115.000	71.64
1.650	116.000	71.77
1.650	117.000	71.89
1.650	118.000	72.06
1.650	119.000	72.22
1.650	120.000	72.39
1.650	121.000	72.62
1.650	122.000	72.82
1.650	123.000	73.04
1.650	124.000	73.30
1.650	125.000	73.53
1.650	126.000	73.80
1.650	127.000	74.04
1.650	128.000	74.29
1.650	129.000	74.57
1.650	130.000	74.81
1.650	131.000	75.06
1.650	132.000	75.34
1.650	133.000	75.60
1.650	134.000	75.85
1.650	135.000	72.73
1.650	136.000	76.39
1.650	137.000	76.64
1.650	138.000	76.89
1.650	139.000	77.17
1.650	140.000	77.42
1.650	141.000	77.66
1.650	142.000	77.91
1.650	143.000	78.18
1.650	144.000	78.42
1.650	145.000	78.66
1.650	146.000	78.90
1.650	147.000	79.15
1.650	148.000	79.38
1.650	149.000	79.61
1.650	150.000	79.84
1.650	151.000	80.08
1.650	152.000	80.30
1.650	153.000	80.52
1.650	154.000	80.74
1.650	155.000	80.96
1.650	156.000	81.17
1.650	157.000	81.37
1.650	158.000	81.57
1.650	159.000	81.76
1.650	160.000	81.95
1.650	161.000	82.14
1.650	162.000	82.31
1.650	163.000	82.48
1.650	164.000	82.64
1.650	165.000	82.80
1.650	166.000	82.95
1.650	167.000	83.09
1.650	168.000	83.22
1.650	169.000	83.34
1.650	170.000	83.45
1.650	171.000	83.56
1.650	172.000	83.65
1.650	173.000	83.73
1.650	174.000	83.81
1.650	175.000	83.87
1.650	176.000	83.92
1.650	177.000	83.96
1.700	90.000	65.32
1.700	91.000	65.23
1.700	92.000	65.17
1.700	93.000	65.22
1.700	94.000	65.25
1.700	95.000	65.32
1.700	96.000	65.47
1.700	97.000	65.68
1.700	98.000	66.03
1.700	99.000	66.38
1.700	100.000	66.79
1.700	101.000	67.27
1.700	102.000	67.84
1.700	103.000	68.36
1.700	104.000	68.87
1.700	105.000	69.36
1.700	106.000	69.76
1.700	107.000	70.10
1.700	108.000	70.38
1.700	109.000	70.59
1.700	110.000	70.77
1.700	111.000	70.91
1.700	112.000	71.06
1.700	113.000	71.20
1.700	114.000	71.33
1.700	115.000	71.50
1.700	116.000	71.66
1.700	117.000	71.83
1.700	118.000	72.01
1.700	119.000	72.23
1.700	120.000	72.43
1.700	121.000	72.65
1.700	122.000	72.90
1.700	123.000	73.13
1.700	124.000	73.37
1.700	125.000	73.62
1.700	126.000	73.87
1.700	127.000	74.12
1.700	128.000	74.38
1.700	129.000	74.63
1.700	130.000	74.90
1.700	131.000	75.16
1.700	132.000	75.41
1.700	133.000	75.67
1.700	134.000	75.93
1.700	135.000	76.18
1.700	136.000	76.43
1.700	137.000	76.68
1.700	138.000	76.93
1.700	139.000	77.17
1.700	140.000	77.41
1.700	141.000	77.64
1.700	142.000	77.88
1.700	143.000	78.11
1.700	144.000	78.34
1.700	145.000	78.56
1.700	146.000	78.78
1.700	147.000	78.99
1.700	148.000	79.20
1.700	149.000	79.41
1.700	150.000	79.62
1.700	151.000	79.81
1.700	152.000	80.01
1.700	153.000	80.20
1.700	154.000	80.38
1.700	155.000	80.57
1.700	156.000	80.74
1.700	157.000	80.91
1.700	158.000	81.07
1.700	159.000	81.23
1.700	160.000	81.39
1.700	161.000	81.53
1.700	162.000	81.68
1.700	163.000	81.81
1.700	164.000	81.94
1.700	165.000	82.07
1.700	166.000	82.18
1.700	167.000	82.29
1.700	168.000	82.39
1.700	169.000	82.48
1.700	170.000	82.57
1.700	171.000	82.65
1.700	172.000	82.72
1.700	173.000	82.78
1.700	174.000	82.84
1.700	175.000	82.89
1.700	176.000	82.92
1.700	177.000	82.95
1.750	90.000	66.61
1.750	91.000	66.53
1.750	92.000	66.43
1.750	93.000	66.36
1.750	94.000	66.33
1.750	95.000	66.35
1.750	96.000	66.41
1.750	97.000	66.50
1.750	98.000	66.69
1.750	99.000	66.89
1.750	100.000	67.11
1.750	101.000	67.37
1.750	102.000	67.63
1.750	103.000	67.92
1.750	104.000	68.17
1.750	105.000	68.41
1.750	106.000	68.63
1.750	107.000	68.83
1.750	108.000	69.01
1.750	109.000	69.18
1.750	110.000	69.34
1.750	111.000	69.49
1.750	112.000	69.65
1.750	113.000	69.83
1.750	114.000	70.00
1.750	115.000	70.18
1.750	116.000	70.37
1.750	117.000	70.59
1.750	118.000	70.80
1.750	119.000	71.02
1.750	120.000	71.25
1.750	121.000	71.49
1.750	122.000	71.73
1.750	123.000	71.98
1.750	124.000	72.23
1.750	125.000	72.49
1.750	126.000	72.75
1.750	127.000	73.02
1.750	128.000	73.28
1.750	129.000	73.54
1.750	130.000	73.80
1.750	131.000	74.05
1.750	132.000	74.32
1.750	133.000	74.57
1.750	134.000	74.82
1.750	135.000	75.07
1.750	136.000	75.32
1.750	137.000	75.56
1.750	138.000	75.80
1.750	139.000	76.04
1.750	140.000	76.27
1.750	141.000	76.50
1.750	142.000	76.72
1.750	143.000	76.94
1.750	144.000	77.16
1.750	145.000	77.37
1.750	146.000	77.58
1.750	147.000	77.78
1.750	148.000	77.98
1.750	149.000	78.17
1.750	150.000	78.36
1.750	151.000	78.54
1.750	152.000	78.72
1.750	153.000	78.89
1.750	154.000	79.06
1.750	155.000	79.22
1.750	156.000	79.38
1.750	157.000	79.53
1.750	158.000	79.68
1.750	159.000	79.82
1.750	160.000	79.95
1.750	161.000	80.08
1.750	162.000	80.20
1.750	163.000	80.32
1.750	164.000	80.43
1.750	165.000	80.54
1.750	166.000	80.64
1.750	167.000	80.73
1.750	168.000	80.81
1.750	169.000	80.89
1.750	170.000	80.97
1.750	171.000	81.03
1.750	172.000	81.09
1.750	173.000	81.15
1.750	174.000	81.19
1.750	175.000	81.23
1.750	176.000	81.26
1.750	177.000	81.29
1.800	90.000	66.63
1.800	91.000	66.43
1.800	92.000	66.25
1.800	93.000	66.11
1.800	94.000	65.99
1.800	95.000	65.90
1.800	96.000	65.88
1.800	97.000	65.87
1.800	98.000	65.89
1.800	99.000	65.93
1.800	100.000	66.01
1.800	101.000	66.10
1.800	102.000	66.20
1.800	103.000	66.32
1.800	104.000	66.44
1.800	105.000	66.56
1.800	106.000	66.68
1.800	107.000	66.80
1.800	108.000	66.93
1.800	109.000	67.07
1.800	110.000	67.22
1.800	111.000	67.37
1.800	112.000	67.54
1.800	113.000	67.71
1.800	114.000	67.89
1.800	115.000	68.09
1.800	116.000	68.31
1.800	117.000	68.52
1.800	118.000	68.74
1.800	119.000	68.98
1.800	120.000	69.22
1.800	121.000	69.46
1.800	122.000	69.73
1.800	123.000	69.98
1.800	124.000	70.24
1.800	125.000	70.50
1.800	126.000	70.77
1.800	127.000	71.03
1.800	128.000	71.29
1.800	129.000	71.55
1.800	130.000	71.82
1.800	131.000	72.08
1.800	132.000	72.34
1.800	133.000	72.59
1.800	134.000	72.84
1.800	135.000	73.09
1.800	136.000	73.33
1.800	137.000	73.57
1.800	138.000	73.82
1.800	139.000	74.05
1.800	140.000	74.28
1.800	141.000	74.50
1.800	142.000	74.72
1.800	143.000	74.93
1.800	144.000	75.14
1.800	145.000	75.35
1.800	146.000	75.55
1.800	147.000	75.74
1.800	148.000	75.93
1.800	149.000	76.12
1.800	150.000	76.30
1.800	151.000	76.48
1.800	152.000	76.65
1.800	153.000	76.81
1.800	154.000	76.97
1.800	155.000	77.12
1.800	156.000	77.27
1.800	157.000	77.41
1.800	158.000	77.55
1.800	159.000	77.68
1.800	160.000	77.81
1.800	161.000	77.92
1.800	162.000	78.04
1.800	163.000	78.15
1.800	164.000	78.25
1.800	165.000	78.35
1.800	166.000	78.44
1.800	167.000	78.52
1.800	168.000	78.60
1.800	169.000	78.67
1.800	170.000	78.74
1.800	171.000	78.80
1.800	172.000	78.85
1.800	173.000	78.90
1.800	174.000	78.94
1.800	175.000	78.97
1.800	176.000	79.00
1.800	177.000	79.03
1.850	90.000	65.53
1.850	91.000	65.26
1.850	92.000	65.00
1.850	93.000	64.78
1.850	94.000	64.60
1.850	95.000	64.43
1.850	96.000	64.30
1.850	97.000	64.19
1.850	98.000	64.11
1.850	99.000	64.06
1.850	100.000	64.02
1.850	101.000	64.01
1.850	102.000	64.02
1.850	103.000	64.05
1.850	104.000	64.09
1.850	105.000	64.15
1.850	106.000	64.22
1.850	107.000	64.31
1.850	108.000	64.41
1.850	109.000	64.52
1.850	110.000	64.65
1.850	111.000	64.80
1.850	112.000	64.96
1.850	113.000	65.14
1.850	114.000	65.32
1.850	115.000	65.51
1.850	116.000	65.72
1.850	117.000	65.95
1.850	118.000	66.17
1.850	119.000	66.41
1.850	120.000	66.66
1.850	121.000	66.90
1.850	122.000	67.16
1.850	123.000	67.42
1.850	124.000	67.68
1.850	125.000	67.94
1.850	126.000	68.20
1.850	127.000	68.47
1.850	128.000	68.73
1.850	129.000	68.99
1.850	130.000	69.25
1.850	131.000	69.51
1.850	132.000	69.77
1.850	133.000	70.02
1.850	134.000	70.27
1.850	135.000	70.51
1.850	136.000	70.76
1.850	137.000	70.99
1.850	138.000	71.23
1.850	139.000	71.46
1.850	140.000	71.68
1.850	141.000	71.90
1.850	142.000	72.12
1.850	143.000	72.33
1.850	144.000	72.53
1.850	145.000	72.74
1.850	146.000	72.94
1.850	147.000	73.13
1.850	148.000	73.31
1.850	149.000	73.49
1.850	150.000	73.67
1.850	151.000	73.84
1.850	152.000	74.00
1.850	153.000	74.16
1.850	154.000	74.31
1.850	155.000	74.46
1.850	156.000	74.61
1.850	157.000	74.74
1.850	158.000	74.87
1.850	159.000	75.00
1.850	160.000	75.12
1.850	161.000	75.24
1.850	162.000	75.34
1.850	163.000	75.45
1.850	164.000	75.55
1.850	165.000	75.64
1.850	166.000	75.72
1.850	167.000	75.80
1.850	168.000	75.88
1.850	169.000	75.95
1.850	170.000	76.01
1.850	171.000	76.06
1.850	172.000	76.12
1.850	173.000	76.16
1.850	174.000	76.20
1.850	175.000	76.23
1.850	176.000	76.26
1.850	177.000	76.28
1.900	90.000	63.64
1.900	91.000	63.31
1.900	92.000	63.01
1.900	93.000	62.73
1.900	94.000	62.48
1.900	95.000	62.26
1.900	96.000	62.06
1.900	97.000	61.89
1.900	98.000	61.75
1.900	99.000	61.63
1.900	100.000	61.54
1.900	101.000	61.48
1.900	102.000	61.43
1.900	103.000	61.41
1.900	104.000	61.41
1.900	105.000	61.43
1.900	106.000	61.47
1.900	107.000	61.54
1.900	108.000	61.62
1.900	109.000	61.72
1.900	110.000	61.84
1.900	111.000	61.97
1.900	112.000	62.12
1.900	113.000	62.29
1.900	114.000	62.47
1.900	115.000	62.66
1.900	116.000	62.87
1.900	117.000	63.09
1.900	118.000	63.32
1.900	119.000	63.55
1.900	120.000	63.79
1.900	121.000	64.03
1.900	122.000	64.28
1.900	123.000	64.54
1.900	124.000	64.79
1.900	125.000	65.05
1.900	126.000	65.30
1.900	127.000	65.56
1.900	128.000	65.82
1.900	129.000	66.08
1.900	130.000	66.33
1.900	131.000	66.58
1.900	132.000	66.83
1.900	133.000	67.08
1.900	134.000	67.33
1.900	135.000	67.57
1.900	136.000	67.80
1.900	137.000	68.04
1.900	138.000	68.26
1.900	139.000	68.49
1.900	140.000	68.23
1.900	141.000	68.93
1.900	142.000	69.14
1.900	143.000	69.34
1.900	144.000	69.54
1.900	145.000	69.74
1.900	146.000	69.93
1.900	147.000	70.12
1.900	148.000	70.31
1.900	149.000	70.48
1.900	150.000	70.65
1.900	151.000	70.82
1.900	152.000	70.98
1.900	153.000	71.13
1.900	154.000	71.28
1.900	155.000	71.43
1.900	156.000	71.57
1.900	157.000	71.70
1.900	158.000	71.83
1.900	159.000	71.95
1.900	160.000	72.07
1.900	161.000	72.18
1.900	162.000	72.28
1.900	163.000	72.38
1.900	164.000	72.48
1.900	165.000	72.57
1.900	166.000	72.65
1.900	167.000	72.73
1.900	168.000	72.80
1.900	169.000	72.86
1.900	170.000	72.92
1.900	171.000	72.98
1.900	172.000	73.03
1.900	173.000	73.07
1.900	174.000	73.11
1.900	175.000	73.14
1.900	176.000	73.17
1.900	177.000	73.19
1.950	90.000	61.25
1.950	91.000	60.89
1.950	92.000	60.56
1.950	93.000	60.25
1.950	94.000	59.96
1.950	95.000	59.70
1.950	96.000	59.47
1.950	97.000	59.26
1.950	98.000	59.08
1.950	99.000	58.93
1.950	100.000	58.81
1.950	101.000	58.71
1.950	102.000	58.64
1.950	103.000	58.59
1.950	104.000	58.57
1.950	105.000	58.57
1.950	106.000	58.59
1.950	107.000	58.64
1.950	108.000	58.70
1.950	109.000	58.79
1.950	110.000	58.90
1.950	111.000	59.03
1.950	112.000	59.18
1.950	113.000	59.34
1.950	114.000	59.51
1.950	115.000	59.70
1.950	116.000	59.90
1.950	117.000	60.11
1.950	118.000	60.33
1.950	119.000	60.55
1.950	120.000	60.78
1.950	121.000	61.02
1.950	122.000	61.26
1.950	123.000	61.50
1.950	124.000	61.75
1.950	125.000	62.00
1.950	126.000	62.25
1.950	127.000	62.50
1.950	128.000	62.74
1.950	129.000	62.99
1.950	130.000	63.24
1.950	131.000	63.49
1.950	132.000	63.73
1.950	133.000	63.97
1.950	134.000	64.20
1.950	135.000	64.44
1.950	136.000	64.67
1.950	137.000	64.89
1.950	138.000	65.12
1.950	139.000	65.33
1.950	140.000	65.55
1.950	141.000	65.76
1.950	142.000	65.96
1.950	143.000	66.16
1.950	144.000	66.36
1.950	145.000	66.55
1.950	146.000	66.74
1.950	147.000	66.92
1.950	148.000	67.09
1.950	149.000	67.26
1.950	150.000	67.43
1.950	151.000	67.59
1.950	152.000	67.75
1.950	153.000	67.90
1.950	154.000	68.04
1.950	155.000	68.18
1.950	156.000	68.32
1.950	157.000	68.45
1.950	158.000	68.57
1.950	159.000	68.69
1.950	160.000	68.80
1.950	161.000	68.91
1.950	162.000	69.02
1.950	163.000	69.11
1.950	164.000	69.20
1.950	165.000	69.29
1.950	166.000	69.37
1.950	167.000	69.44
1.950	168.000	69.51
1.950	169.000	69.58
1.950	170.000	69.64
1.950	171.000	69.69
1.950	172.000	69.74
1.950	173.000	69.78
1.950	174.000	69.81
1.950	175.000	69.84
1.950	176.000	69.87
1.950	177.000	69.89
2.000	90.000	58.59
2.000	91.000	58.21
2.000	92.000	57.86
2.000	93.000	57.53
2.000	94.000	57.22
2.000	95.000	56.95
2.000	96.000	56.70
2.000	97.000	56.47
2.000	98.000	56.28
2.000	99.000	56.11
2.000	100.000	55.97
2.000	101.000	55.85
2.000	102.000	55.77
2.000	103.000	55.71
2.000	104.000	55.67
2.000	105.000	55.66
2.000	106.000	55.67
2.000	107.000	55.71
2.000	108.000	55.77
2.000	109.000	55.86
2.000	110.000	55.96
2.000	111.000	56.08
2.000	112.000	56.21
2.000	113.000	56.37
2.000	114.000	56.54
2.000	115.000	56.71
2.000	116.000	56.91
2.000	117.000	57.11
2.000	118.000	57.31
2.000	119.000	57.53
2.000	120.000	57.75
2.000	121.000	57.98
2.000	122.000	58.21
2.000	123.000	58.44
2.000	124.000	58.68
2.000	125.000	58.92
2.000	126.000	59.15
2.000	127.000	59.39
2.000	128.000	59.63
2.000	129.000	59.87
2.000	130.000	60.11
2.000	131.000	60.34
2.000	132.000	60.57
2.000	133.000	60.80
2.000	134.000	61.03
2.000	135.000	61.25
2.000	136.000	61.47
2.000	137.000	61.69
2.000	138.000	61.91
2.000	139.000	62.12
2.000	140.000	62.32
2.000	141.000	62.52
2.000	142.000	62.72
2.000	143.000	62.92
2.000	144.000	63.11
2.000	145.000	63.29
2.000	146.000	63.47
2.000	147.000	63.65
2.000	148.000	63.82
2.000	149.000	63.98
2.000	150.000	64.14
2.000	151.000	64.30
2.000	152.000	64.45
2.000	153.000	64.59
2.000	154.000	64.73
2.000	155.000	64.87
2.000	156.000	65.00
2.000	157.000	65.12
2.000	158.000	65.24
2.000	159.000	65.36
2.000	160.000	65.47
2.000	161.000	65.57
2.000	162.000	65.67
2.000	163.000	65.76
2.000	164.000	65.85
2.000	165.000	65.94
2.000	166.000	66.01
2.000	167.000	66.09
2.000	168.000	66.15
2.000	169.000	66.21
2.000	170.000	66.27
2.000	171.000	66.32
2.000	172.000	66.37
2.000	173.000	66.41
2.000	174.000	66.44
2.000	175.000	66.47
2.000	176.000	66.50
2.000	177.000	66.52
