1.0	93.0	-43.1119922566	-184.15852691	-184.08982358
1.0	90.0	-44.3922308634	-184.15672875	-184.08598523
1.0	91.0	-43.9115334861	-184.15733479	-184.08735731
1.0	92.0	-43.4854482605	-184.15793589	-184.08863742
1.0	97.0	-42.0529256482	-184.16070526	-184.09368966
1.0	94.0	-42.7843193459	-184.15910326	-184.09092211
1.0	95.0	-42.4998755647	-184.15966084	-184.09193298
1.0	96.0	-42.2567093583	-184.16019596	-184.09285561
1.0	101.0	-41.5695048796	-184.16243171	-184.09618649
1.0	98.0	-41.8862089242	-184.16118581	-184.09443589
1.0	99.0	-41.7529447317	-184.16163509	-184.09509754
1.0	100.0	-41.6480753441	-184.16205097	-184.09568054
1.0	105.0	-41.4074129006	-184.16357988	-184.09759297
1.0	102.0	-41.510613113	-184.16277596	-184.09662459
1.0	103.0	-41.4669008012	-184.1630826	-184.09700089
1.0	104.0	-41.4337369242	-184.16335079	-184.09732193
1.0	109.0	-41.2702706994	-184.16409712	-184.09832876
1.0	106.0	-41.3826262754	-184.16376936	-184.09782195
1.0	107.0	-41.3548338796	-184.16391886	-184.09801574
1.0	108.0	-41.3190281876	-184.16402816	-184.0981821
1.0	113.0	-40.8619690931	-184.16397155	-184.09885386
1.0	110.0	-41.2033781867	-184.16412574	-184.09846398
1.0	111.0	-41.1144475404	-184.16411417	-184.09859413
1.0	112.0	-41.0007490941	-184.16406264	-184.09872379
1.0	117.0	-40.1402202163	-184.16322488	-184.09925737
1.0	114.0	-40.7004355976	-184.16384144	-184.09898117
1.0	115.0	-40.5211875089	-184.16367302	-184.0990984
1.0	116.0	-40.3315102123	-184.16346715	-184.0991948
1.0	121.0	-39.5449960801	-184.16192038	-184.09890142
1.0	118.0	-39.9564101336	-184.16294748	-184.09927289
1.0	119.0	-39.7929690092	-184.16263644	-184.09922231
1.0	120.0	-39.6488363522	-184.16229341	-184.09910897
1.0	125.0	-39.6104955217	-184.16017647	-184.09705313
1.0	122.0	-39.4834311231	-184.16151955	-184.0985987
1.0	123.0	-39.4710252603	-184.16109342	-184.09819234
1.0	124.0	-39.5101818531	-184.16064471	-184.09768123
1.0	129.0	-40.6473984946	-184.15817654	-184.09340079
1.0	126.0	-39.7727318279	-184.15969196	-184.09631008
1.0	127.0	-39.9905780259	-184.15919467	-184.09546563
1.0	128.0	-40.2923536195	-184.15868827	-184.09447832
1.0	133.0	25.1263965439	-184.14793857	-184.18798003
1.0	130.0	-41.0716576676	-184.15766341	-184.09221156
1.0	131.0	-41.565965726	-184.15715293	-184.09091335
1.0	132.0	19.6379035274	-184.14838823	-184.17968322
1.0	137.0	37.9916527887	-184.14556916	-184.20611271
1.0	134.0	28.8284766904	-184.14746646	-184.19340756
1.0	135.0	31.9808898905	-184.14694704	-184.19791183
1.0	136.0	35.1255282479	-184.14621669	-184.20219278
1.0	141.0	47.8897178126	-184.14206472	-184.21838184
1.0	138.0	40.5209176798	-184.14485605	-184.20943024
1.0	139.0	42.4899609146	-184.14405926	-184.21177132
1.0	140.0	45.5127557523	-184.14300282	-184.21553201
1.0	145.0	56.7227360626	-184.13758576	-184.22797919
1.0	142.0	50.1659959737	-184.14105501	-184.22099961
1.0	143.0	52.3894190096	-184.13997187	-184.22345972
1.0	144.0	54.5727881141	-184.13881527	-184.22578254
1.0	149.0	65.0730991055	-184.13196236	-184.23566294
1.0	146.0	58.8439566262	-184.13628428	-184.23005809
1.0	147.0	60.9404470404	-184.13491208	-184.23202686
1.0	148.0	63.0158154849	-184.13347077	-184.23389286
1.0	153.0	73.1255833888	-184.12531937	-184.2418524
1.0	150.0	67.1137599995	-184.13038949	-184.23734207
1.0	151.0	69.1373338098	-184.12875545	-184.2389328
1.0	152.0	71.1409841935	-184.12706409	-184.24043446
1.0	157.0	80.9467049194	-184.11789044	-184.24688722
1.0	154.0	75.092078935	-184.12352527	-184.24319211
1.0	155.0	77.0472228343	-184.12168589	-184.24446845
1.0	156.0	78.9969450516	-184.11980581	-184.24569545
1.0	161.0	88.8326858319	-184.11002748	-184.25159137
1.0	158.0	82.901139733	-184.11594623	-184.2480576
1.0	159.0	84.8651879922	-184.11398101	-184.24922229
1.0	160.0	86.841635839	-184.11200425	-184.2503952
1.0	165.0	96.8769246404	-184.1024531	-184.2568363
1.0	162.0	90.8380932422	-184.10806481	-184.25282452
1.0	163.0	92.8553103813	-184.10613346	-184.25410781
1.0	164.0	94.8723643679	-184.1042544	-184.25544313
1.0	169.0	104.123115692	-184.0966633	-184.26259404
1.0	166.0	98.8393099994	-184.10075934	-184.2582698
1.0	167.0	100.730636183	-184.09920695	-184.25973143
1.0	168.0	102.50795644	-184.09783111	-184.26118793
1.0	173.0	108.351952413	-184.09394147	-184.26661129
1.0	170.0	105.536411413	-184.09572226	-184.26390523
1.0	171.0	106.719505274	-184.09499955	-184.2650679
1.0	172.0	107.658786594	-184.09444192	-184.26600711
1.0	174.0	108.808446749	-184.09337567	-184.26677296
1.0	175.0	109.12951826	-184.09271459	-184.26662354
1.0	176.0	109.440976325	-184.09205551	-184.2664608
1.05	93.0	-44.8472254517	-184.19492574	-184.12345714
1.05	90.0	-47.8644040794	-184.19339261	-184.11711583
1.05	91.0	-46.6470795751	-184.19387725	-184.1195404
1.05	92.0	-45.6700849341	-184.19439275	-184.12161284
1.05	97.0	-42.5561882672	-184.19705153	-184.12923393
1.05	94.0	-44.1399218437	-184.19546593	-184.12512449
1.05	95.0	-43.533766492	-184.19600491	-184.12662944
1.05	96.0	-43.0081708099	-184.19653553	-184.12799765
1.05	101.0	-41.4083353396	-184.1988663	-184.13287792
1.05	98.0	-42.1734325726	-184.19754733	-184.13033969
1.05	99.0	-41.8564963494	-184.19801792	-184.13131535
1.05	100.0	-41.6029448608	-184.19845886	-184.13216035
1.05	105.0	-41.0828147865	-184.20010578	-184.13463615
1.05	102.0	-41.2662609137	-184.19923703	-184.13347506
1.05	103.0	-41.1698754545	-184.19956845	-184.13396008
1.05	104.0	-41.1116300227	-184.19985854	-184.13434299
1.05	109.0	-41.0418760667	-184.20064965	-184.13524526
1.05	106.0	-41.0739606274	-184.20030909	-184.13485357
1.05	107.0	-41.0738414006	-184.20046773	-184.1350124
1.05	108.0	-41.0684134435	-184.2005813	-184.13513462
1.05	113.0	-40.45487858	-184.20047622	-184.13600727
1.05	110.0	-40.9773053392	-184.20067288	-184.13537139
1.05	111.0	-40.8600551891	-184.20065132	-184.13553668
1.05	112.0	-40.6836559935	-184.20058551	-184.13575198
1.05	117.0	-39.4508884804	-184.19962815	-184.13675916
1.05	114.0	-40.1918140474	-184.20032445	-184.13627472
1.05	115.0	-39.91818853	-184.20013144	-184.13651776
1.05	116.0	-39.6588137532	-184.19989872	-184.13669838
1.05	121.0	-39.3321448577	-184.19821793	-184.13553817
1.05	118.0	-39.2908170821	-184.19932192	-184.13670802
1.05	119.0	-39.2117634352	-184.19898267	-184.13649475
1.05	120.0	-39.2210066502	-184.19861348	-184.13611083
1.05	125.0	14.3301520722	-184.19312712	-184.21596367
1.05	122.0	-39.5425048674	-184.19780011	-184.13478512
1.05	123.0	-39.8759947912	-184.1973646	-184.13381816
1.05	124.0	-40.2968465876	-184.19691642	-184.13269931
1.05	129.0	28.0185439037	-184.19303078	-184.23768117
1.05	126.0	18.6703591795	-184.19311697	-184.22287008
1.05	127.0	22.1497299295	-184.19311424	-184.22841208
1.05	128.0	25.2107275456	-184.1930912	-184.23326705
1.05	133.0	37.9213340742	-184.19222244	-184.25265393
1.05	130.0	30.6542030305	-184.19292121	-184.24177179
1.05	131.0	33.1657219529	-184.192754	-184.24560694
1.05	132.0	35.5810624943	-184.19252276	-184.24922479
1.05	145.0	63.6550029366	-184.18255056	-184.28399126
1.05	142.0	57.6791421168	-184.1859236	-184.27784116
1.05	143.0	59.6888103166	-184.18487067	-184.27999084
1.05	144.0	61.6803811424	-184.18374579	-184.28203973
1.05	149.0	71.3941654515	-184.17710763	-184.29088147
1.05	146.0	65.6133910601	-184.18128684	-184.28584843
1.05	147.0	67.5559345687	-184.17995677	-184.287614
1.05	148.0	69.4828342654	-184.17856278	-184.28929072
1.05	153.0	78.8792556449	-184.17074265	-184.29644474
1.05	150.0	73.2897335989	-184.17559435	-184.29238897
1.05	151.0	75.1696893099	-184.17402645	-184.29381697
1.05	152.0	77.0327712906	-184.17240778	-184.29516731
1.05	157.0	86.0972275943	-184.16372319	-184.30092785
1.05	154.0	80.7090231461	-184.16903584	-184.29765385
1.05	155.0	82.5219984931	-184.16729276	-184.29879993
1.05	156.0	84.3180687342	-184.16551954	-184.29988893
1.05	161.0	93.0173145089	-184.15649177	-184.30472429
1.05	158.0	87.8580318015	-184.16191187	-184.30192255
1.05	159.0	89.5998914968	-184.16009509	-184.3028816
1.05	160.0	91.3204346945	-184.15828401	-184.30381238
1.05	165.0	99.4120630204	-184.14985972	-184.30828292
1.05	162.0	94.6823544913	-184.15473373	-184.30561966
1.05	163.0	96.3117895847	-184.15302806	-184.30651066
1.05	164.0	97.892341688	-184.15139558	-184.30739695
1.05	166.0	100.853471167	-184.14844569	-184.30916592
1.05	167.0	102.197414538	-184.14717846	-184.3100404
1.05	168.0	103.444733997	-184.14607913	-184.3109288
1.05	177.0	108.811408594	-184.14066336	-184.31406537
1.05	174.0	107.835047738	-184.14218332	-184.3140294
1.05	175.0	108.195476644	-184.14161185	-184.31403231
1.1	93.0	-46.5099687493	-184.21366029	-184.13954194
1.1	90.0	-54.3174042978	-184.21271614	-184.12615585
1.1	91.0	-52.3745470344	-184.21290781	-184.12944366
1.1	92.0	-48.8080779659	-184.21322663	-184.13544601
1.1	105.0	-37.3887040105	-184.21933405	-184.15975136
1.1	102.0	-37.87515565	-184.21832275	-184.15796485
1.1	103.0	-37.63471911	-184.2187103	-184.15873556
1.1	104.0	-37.4784441442	-184.21904809	-184.15932239
1.1	109.0	-38.6086577797	-184.21993994	-184.15841313
1.1	106.0	-37.3698599003	-184.21956683	-184.16001417
1.1	107.0	-37.4365265095	-184.21974561	-184.16008671
1.1	108.0	-37.6702675232	-184.21987001	-184.15983862
1.1	113.0	-30.8902281787	-184.21968211	-184.1704554
1.1	110.0	-35.3461731382	-184.21995563	-184.16362792
1.1	111.0	-33.6456161182	-184.21991747	-184.16629977
1.1	112.0	-32.3319877308	-184.21982605	-184.16830175
1.1	117.0	0.686896999092	-184.21911755	-184.22021219
1.1	114.0	-29.3743660298	-184.21948654	-184.17267551
1.1	115.0	-26.5531962695	-184.21924046	-184.17692525
1.1	116.0	-4.97711669964	-184.21911327	-184.21118173
1.1	121.0	15.6888230914	-184.21976439	-184.24476612
1.1	118.0	5.17979599305	-184.2192016	-184.22745613
1.1	119.0	9.06183958912	-184.21934893	-184.23378989
1.1	120.0	12.5292751084	-184.21954244	-184.23950911
1.1	125.0	26.4448755796	-184.22061319	-184.26275578
1.1	122.0	18.6154646485	-184.21999748	-184.24966311
1.1	123.0	21.3598586215	-184.22022575	-184.25426485
1.1	124.0	23.9607788223	-184.22043504	-184.25861897
1.1	129.0	35.6039226654	-184.22083483	-184.27757329
1.1	126.0	28.8359942543	-184.22074995	-184.26670303
1.1	127.0	31.1510838779	-184.22083687	-184.27047928
1.1	128.0	33.4035229531	-184.22086703	-184.27409893
1.1	133.0	44.2446155287	-184.21997192	-184.2904802
1.1	130.0	37.7607355678	-184.22073574	-184.2809113
1.1	131.0	39.8815545253	-184.22056584	-184.28412114
1.1	132.0	41.9661097089	-184.22032001	-184.28719726
1.1	137.0	52.4280986952	-184.2178913	-184.30144079
1.1	134.0	46.2101258849	-184.21956993	-184.29321045
1.1	135.0	48.4128285571	-184.21906237	-184.29621312
1.1	136.0	50.4512555173	-184.21851279	-184.29891198
1.1	141.0	60.1470303037	-184.21466214	-184.31051253
1.1	138.0	54.3816361702	-184.21719515	-184.3038578
1.1	139.0	56.3183312902	-184.21642436	-184.30617333
1.1	140.0	58.2398030298	-184.21557967	-184.3083907
1.1	145.0	67.638784648	-184.21029333	-184.31808259
1.1	142.0	62.040408443	-184.2136731	-184.31254078
1.1	143.0	63.9206339831	-184.21261407	-184.31447808
1.1	144.0	65.786646433	-184.21148682	-184.31632451
1.1	149.0	74.9022322109	-184.20490468	-184.32426898
1.1	146.0	69.4769858769	-184.20903578	-184.3197544
1.1	147.0	71.3007481122	-184.20771663	-184.3213416
1.1	148.0	73.109412469	-184.20633859	-184.32284585
1.1	153.0	81.8967605775	-184.19868288	-184.32919367
1.1	150.0	76.678422951	-184.20341823	-184.32561307
1.1	151.0	78.4369806742	-184.20188293	-184.32688021
1.1	152.0	80.1768511644	-184.20030294	-184.32807288
1.1	157.0	88.5452551055	-184.1919169	-184.33302274
1.1	154.0	83.5952844668	-184.19702795	-184.33024551
1.1	155.0	85.2707724824	-184.19534403	-184.33123165
1.1	156.0	86.9212856199	-184.19363782	-184.3321557
1.1	161.0	94.6995859022	-184.18508445	-184.33599784
1.1	158.0	90.1386460532	-184.19018809	-184.33383316
1.1	159.0	91.6982205139	-184.18846769	-184.3345981
1.1	160.0	93.2200691035	-184.18676127	-184.3353169
1.1	165.0	100.045125979	-184.17901465	-184.3384467
1.1	162.0	96.1300440082	-184.1834528	-184.33664577
1.1	163.0	97.5038066309	-184.18188398	-184.33726618
1.1	164.0	98.8123647414	-184.18039759	-184.33786511
1.1	169.0	104.011349975	-184.17487164	-184.34062427
1.1	166.0	101.189282876	-184.17775601	-184.33901139
1.1	167.0	102.235378863	-184.17664002	-184.33956246
1.1	168.0	103.17674979	-184.17567855	-184.34010116
1.1	173.0	106.41138556	-184.17258935	-184.34216668
1.15	93.0	-24.1975444318	-184.21958917	-184.18102793
1.15	97.0	-12.309289103	-184.2246213	-184.2050052
1.15	95.0	-13.923908697	-184.22221882	-184.20002966
1.15	96.0	-12.876300412	-184.22346229	-184.2029426
1.15	101.0	-11.5919641682	-184.22835603	-184.20988306
1.15	98.0	-12.0017278717	-184.22568993	-184.20656396
1.15	99.0	-11.8321999052	-184.22666715	-184.20781134
1.15	100.0	-11.7178237486	-184.22755469	-184.20888115
1.15	105.0	-9.71800744798	-184.23080393	-184.2153173
1.15	102.0	-11.3927424522	-184.2290758	-184.21092031
1.15	103.0	-11.0567299402	-184.22971951	-184.21209949
1.15	104.0	-10.5181699118	-184.23029332	-184.21353155
1.15	109.0	-4.05676734127	-184.23236754	-184.22590267
1.15	106.0	-8.62754026417	-184.2312586	-184.21750974
1.15	107.0	-7.27339358846	-184.23166511	-184.22007422
1.15	108.0	-5.73196670246	-184.2320318	-184.22289733
1.15	113.0	4.1248772224	-184.23358484	-184.24015825
1.15	110.0	-2.24551137029	-184.2326816	-184.22910315
1.15	111.0	-0.275144090469	-184.23298337	-184.2325449
1.15	112.0	1.85574639453	-184.23328183	-184.23623915
1.15	117.0	13.8370676573	-184.23491784	-184.25696861
1.15	114.0	6.49605364514	-184.23389828	-184.2442504
1.15	115.0	8.92915270535	-184.23422537	-184.24845488
1.15	116.0	11.3864046062	-184.23456621	-184.2527116
1.15	121.0	23.2514232583	-184.23629683	-184.27335033
1.15	118.0	16.2598065357	-184.23527468	-184.26118633
1.15	119.0	18.6399312439	-184.23562924	-184.26533386
1.15	120.0	20.9711415866	-184.23597295	-184.26939259
1.15	125.0	31.9096612872	-184.23722846	-184.28807974
1.15	122.0	25.4819246013	-184.23659212	-184.27720015
1.15	123.0	27.6658270888	-184.23685061	-184.28093891
1.15	124.0	29.8069334285	-184.2370649	-184.28456527
1.15	129.0	40.0229198655	-184.23727534	-184.30105592
1.15	126.0	33.9784157815	-184.23733568	-184.29148373
1.15	127.0	36.0171439462	-184.23738184	-184.29477881
1.15	128.0	38.0303387494	-184.23736291	-184.29796811
1.15	133.0	48.0610279061	-184.23618665	-184.31277677
1.15	131.0	44.0984811163	-184.2368774	-184.3071528
1.15	132.0	46.0564174329	-184.23656907	-184.30996464
1.15	137.0	55.5600550855	-184.23394687	-184.32248745
1.15	134.0	49.9672950905	-184.23573731	-184.31536526
1.15	135.0	51.8455565259	-184.23521446	-184.31783561
1.15	136.0	53.7089146107	-184.23461752	-184.32020812
1.15	141.0	62.8534411266	-184.23054468	-184.33070801
1.15	138.0	57.3998752889	-184.23320322	-184.32467574
1.15	139.0	59.2286889757	-184.23238752	-184.32677444
1.15	140.0	61.0465526218	-184.2315009	-184.32878477
1.15	145.0	69.9654141713	-184.22605639	-184.33755337
1.15	142.0	64.6491285869	-184.22952033	-184.33254527
1.15	143.0	66.4332008464	-184.22842957	-184.33429761
1.15	144.0	68.2053818008	-184.22727424	-184.33596643
1.15	149.0	76.8622016582	-184.22060885	-184.34309656
1.15	146.0	71.7118609611	-184.2247783	-184.33905842
1.15	147.0	73.4441636868	-184.22344245	-184.34048317
1.15	148.0	75.1614626604	-184.22205162	-184.34182903
1.15	153.0	83.473428397	-184.21439171	-184.34741508
1.15	150.0	78.5455900184	-184.2191175	-184.34428786
1.15	151.0	80.2097075618	-184.21758133	-184.34540363
1.15	152.0	81.8529729646	-184.21600451	-184.34644552
1.15	157.0	89.6771128159	-184.20769706	-184.35060663
1.15	154.0	85.0688211	-184.2127482	-184.34831399
1.15	155.0	86.6365908348	-184.21107989	-184.34914408
1.15	156.0	88.1738573328	-184.20939361	-184.34990759
1.15	161.0	95.2676953529	-184.2010069	-184.35282563
1.15	158.0	91.1425608516	-184.20599907	-184.35124398
1.15	159.0	92.5660285018	-184.20430994	-184.35182329
1.15	160.0	93.941604627	-184.20264139	-184.35234686
1.15	165.0	99.8842074433	-184.19514237	-184.35431798
1.15	162.0	96.5274708749	-184.1994218	-184.35324811
1.15	163.0	97.7222301377	-184.19790336	-184.35363364
1.15	164.0	98.8435896142	-184.19647036	-184.35398764
1.15	169.0	103.174584882	-184.19118449	-184.35560365
1.15	166.0	100.838894121	-184.19393829	-184.35463529
1.15	167.0	101.702278167	-184.1928736	-184.35494649
1.15	168.0	102.478086988	-184.19195684	-184.35526606
1.15	173.0	105.325806675	-184.18895572	-184.35680307
1.15	170.0	103.799778872	-184.19053682	-184.35595229
1.15	171.0	104.366281898	-184.18997799	-184.35629624
1.15	172.0	104.876271419	-184.18946259	-184.35659356
1.15	177.0	106.545785544	-184.18719744	-184.35698895
1.15	174.0	105.709773463	-184.18845109	-184.35691033
1.15	175.0	106.036404708	-184.18797067	-184.35695043
1.15	176.0	106.315194628	-184.18754504	-184.35696908
1.2	93.0	4.4824384106	-184.22635092	-184.23349414
1.2	90.0	6.098865232	-184.22037374	-184.2300929
1.2	91.0	5.69486206572	-184.22252502	-184.23160036
1.2	92.0	5.14082137799	-184.22451617	-184.23270859
1.2	97.0	1.44188505401	-184.23226314	-184.23456093
1.2	94.0	3.75716920559	-184.22803543	-184.23402286
1.2	95.0	2.99406117772	-184.22957697	-184.23434831
1.2	96.0	2.21594939773	-184.23098342	-184.23451476
1.2	101.0	-1.26289424424	-184.2362912	-184.23427865
1.2	98.0	0.688980330608	-184.23342478	-184.23452274
1.2	99.0	-0.0257655400706	-184.23447726	-184.2344362
1.2	100.0	-0.683853578011	-184.23542967	-184.23433988
1.2	105.0	-2.01859138489	-184.23901426	-184.23579743
1.2	102.0	-1.73410995306	-184.23707113	-184.23430765
1.2	103.0	-2.05765385128	-184.23777878	-184.2344997
1.2	104.0	-2.17779054504	-184.23842342	-184.23495289
1.2	109.0	2.50016100046	-184.24101497	-184.24499923
1.2	106.0	-1.48986443038	-184.23956031	-184.23718606
1.2	107.0	-0.525419979433	-184.24007034	-184.23923303
1.2	108.0	0.848173215677	-184.24055268	-184.24190433
1.2	113.0	10.2262524924	-184.24277671	-184.25907328
1.2	110.0	4.3054744565	-184.24146394	-184.24832515
1.2	111.0	6.20738672495	-184.24190503	-184.25179713
1.2	112.0	8.18591162827	-184.24234199	-184.25538707
1.2	117.0	18.6459929857	-184.24446296	-184.27417724
1.2	114.0	12.3102617427	-184.24320904	-184.26282669
1.2	115.0	14.4188128895	-184.24363689	-184.26661473
1.2	116.0	16.5350886782	-184.24405653	-184.27040687
1.2	121.0	26.8989916546	-184.24583532	-184.28870159
1.2	118.0	20.7425022252	-184.24485036	-184.27790564
1.2	119.0	22.8187993837	-184.24521244	-184.28157651
1.2	120.0	24.8712511812	-184.24554283	-184.28517769
1.2	125.0	34.7758109284	-184.24651766	-184.30193644
1.2	122.0	28.9020710046	-184.24608409	-184.29214247
1.2	123.0	30.8812296925	-184.24628383	-184.2954962
1.2	124.0	32.8384757487	-184.24642974	-184.29876118
1.2	129.0	42.4718321651	-184.24621788	-184.31390105
1.2	126.0	36.6960150988	-184.24654387	-184.30502269
1.2	127.0	38.6027654655	-184.24650498	-184.3080224
1.2	128.0	40.5071563965	-184.24639718	-184.31094944
1.2	133.0	49.9102105513	-184.24482084	-184.32435782
1.2	130.0	44.3957072661	-184.24597092	-184.31671998
1.2	131.0	46.2700655924	-184.24565789	-184.31939393
1.2	132.0	48.0987788777	-184.2452753	-184.32192558
1.2	137.0	57.0558243803	-184.24228494	-184.33320918
1.2	134.0	51.7104600057	-184.24429423	-184.32670009
1.2	135.0	53.5010332635	-184.2436957	-184.32895502
1.2	136.0	55.2827084367	-184.24302572	-184.33112432
1.2	141.0	64.0635492717	-184.23863237	-184.34072413
1.2	138.0	58.8205693471	-184.24147416	-184.3352107
1.2	139.0	60.5768931365	-184.24059437	-184.33712979
1.2	140.0	62.3246263208	-184.23964668	-184.33896729
1.2	145.0	70.9214374448	-184.23393986	-184.34696036
1.2	142.0	65.7932729334	-184.23755286	-184.34240111
1.2	143.0	67.5132764729	-184.23640974	-184.34399899
1.2	144.0	69.2228884551	-184.23520476	-184.34551845
1.2	149.0	77.5836807059	-184.22832688	-184.35196434
1.2	146.0	72.6079633524	-184.23261715	-184.3483253
1.2	147.0	74.2807028764	-184.23123898	-184.34961281
1.2	148.0	75.9404153031	-184.22980794	-184.35082669
1.2	153.0	83.9641847517	-184.22197188	-184.35577732
1.2	150.0	79.2096142962	-184.226799	-184.35302755
1.2	151.0	80.8163711963	-184.22522783	-184.35401691
1.2	152.0	82.4018994499	-184.22361731	-184.35493309
1.2	157.0	89.9151899202	-184.21515136	-184.35844033
1.2	154.0	85.4998448254	-184.22029654	-184.35654921
1.2	155.0	87.0062504062	-184.21859691	-184.35725019
1.2	156.0	88.4792724816	-184.21687941	-184.3578801
1.2	158.0	91.3083049359	-184.21342116	-184.3589302
1.2	159.0	92.6524177347	-184.21169863	-184.35934965
1.2	160.0	93.9430353486	-184.20999503	-184.35970278
1.2	176.0	105.071276271	-184.19453637	-184.3619781
1.25	93.0	12.8338870449	-184.23145637	-184.25190847
1.25	90.0	16.6559972087	-184.22542164	-184.25196466
1.25	91.0	15.3725771287	-184.22760515	-184.25210291
1.25	92.0	14.0951623147	-184.22961486	-184.25207693
1.25	97.0	8.0616208216	-184.23732083	-184.25016784
1.25	94.0	11.594593433	-184.23313702	-184.25161418
1.25	95.0	10.3828725885	-184.23466686	-184.25121302
1.25	96.0	9.20366301122	-184.23605752	-184.25072449
1.25	101.0	3.94545970616	-184.24132766	-184.24761515
1.25	98.0	6.96003416944	-184.23846842	-184.24955994
1.25	99.0	5.9028751899	-184.23951153	-184.24891836
1.25	100.0	4.89534593669	-184.24046108	-184.24826231
1.25	105.0	1.16916315022	-184.24416143	-184.24602461
1.25	102.0	3.066011417	-184.24212147	-184.24700747
1.25	103.0	2.2788635002	-184.24285229	-184.24648389
1.25	104.0	1.6228650689	-184.2435294	-184.2461156
1.25	109.0	4.25667304268	-184.24638198	-184.25316542
1.25	106.0	1.04533042547	-184.24475626	-184.2464221
1.25	107.0	1.44728163571	-184.24532088	-184.24762727
1.25	108.0	2.54700458466	-184.24586121	-184.24992012
1.25	113.0	12.3326450065	-184.24831507	-184.26796839
1.25	110.0	6.24902198027	-184.24688656	-184.25684501
1.25	111.0	8.28955737238	-184.24737688	-184.26058713
1.25	112.0	10.3165260091	-184.24785336	-184.26429379
1.25	117.0	20.3187764353	-184.24995719	-184.28233722
1.25	114.0	14.3430787679	-184.24875981	-184.27161696
1.25	115.0	16.3467793524	-184.24918441	-184.27523466
1.25	116.0	18.3399628776	-184.24958498	-184.27881157
1.25	121.0	28.0510488958	-184.25107059	-184.29577278
1.25	118.0	22.2805217346	-184.25029643	-184.2858027
1.25	119.0	24.2232785964	-184.25059807	-184.28920032
1.25	120.0	26.1467081656	-184.25085757	-184.292525
1.25	125.0	35.5048765659	-184.25138107	-184.30796169
1.25	122.0	29.9371730252	-184.25123309	-184.29894101
1.25	123.0	31.8065740265	-184.25134134	-184.30202834
1.25	124.0	33.6613415062	-184.25139183	-184.30503459
1.25	129.0	42.8957650331	-184.25066353	-184.31902228
1.25	126.0	37.3434166499	-184.25130397	-184.31081449
1.25	127.0	39.2135079117	-184.25115168	-184.31364238
1.25	128.0	41.0823002287	-184.25093623	-184.31640504
1.25	133.0	49.9420190079	-184.24890331	-184.32849098
1.25	130.0	44.6754698265	-184.25032609	-184.32152098
1.25	131.0	46.4402963695	-184.24992074	-184.32392806
1.25	132.0	48.1951706119	-184.24944658	-184.32625047
1.25	137.0	56.8643900571	-184.2460425	-184.33666167
1.25	134.0	51.6818518476	-184.24829096	-184.33065123
1.25	135.0	53.4152715402	-184.24760976	-184.33273241
1.25	136.0	55.142698517	-184.24686009	-184.33473557
1.25	141.0	63.6943352321	-184.24210854	-184.34361192
1.25	138.0	58.5804402868	-184.24515768	-184.33851155
1.25	139.0	60.2908805815	-184.24420644	-184.34028607
1.25	140.0	61.9955917145	-184.2431897	-184.34198596
1.25	145.0	70.4210362691	-184.23716545	-184.34938851
1.25	142.0	65.3867911046	-184.24096414	-184.34516462
1.25	143.0	67.0724761495	-184.23975783	-184.34664462
1.25	144.0	68.7507942329	-184.23849106	-184.34805242
1.25	149.0	77.0035607233	-184.23131392	-184.3540269
1.25	146.0	72.0836226893	-184.23578281	-184.35065537
1.25	147.0	73.7340040498	-184.23434514	-184.35184775
1.25	148.0	75.3746652881	-184.23285467	-184.35297184
1.25	153.0	83.3887522651	-184.22471272	-184.35760115
1.25	150.0	78.6195733885	-184.22972578	-184.35501404
1.25	151.0	80.2221699005	-184.22809358	-184.35593574
1.25	152.0	81.8118083414	-184.22642112	-184.35679653
1.3	93.0	16.7955741468	-184.23528256	-184.26204801
1.3	90.0	21.32970679	-184.22949222	-184.26348327
1.3	91.0	19.7829397982	-184.23158807	-184.26311419
1.3	92.0	18.2698575163	-184.2335147	-184.26262957
1.3	97.0	11.3003103028	-184.24091818	-184.25892637
1.3	94.0	15.3620726197	-184.23689806	-184.26137908
1.3	95.0	13.9672131276	-184.23836778	-184.26062595
1.3	96.0	12.6129158496	-184.23970329	-184.25980325
1.3	101.0	6.43959034034	-184.2448148	-184.25507694
1.3	98.0	10.0282544199	-184.24202532	-184.25800636
1.3	99.0	8.794909598	-184.2430366	-184.25705218
1.3	100.0	7.59882001516	-184.243963	-184.25607249
1.3	105.0	2.30195584981	-184.24765435	-184.25132275
1.3	102.0	5.31887719861	-184.2456015	-184.25407767
1.3	103.0	4.24239720155	-184.24633188	-184.25309257
1.3	104.0	3.22481524617	-184.24701383	-184.2521529
1.3	109.0	3.36533344849	-184.24990509	-184.25526809
1.3	106.0	1.56346501963	-184.24825941	-184.25075095
1.3	107.0	1.22948563844	-184.24883391	-184.25079322
1.3	108.0	1.72934715596	-184.2493816	-184.25213749
1.3	113.0	12.0871005392	-184.25176967	-184.27103169
1.3	110.0	5.64652500895	-184.25040582	-184.25940413
1.3	111.0	7.92617917113	-184.25088411	-184.26351528
1.3	112.0	10.056071916	-184.25133926	-184.26736463
1.3	117.0	19.8085484608	-184.25319058	-184.28475751
1.3	114.0	14.0632471815	-184.252173	-184.27458421
1.3	115.0	16.0043599684	-184.25254642	-184.27805099
1.3	116.0	17.91837062	-184.25288674	-184.28144148
1.3	121.0	27.1632610054	-184.25397309	-184.2972605
1.3	118.0	21.6768136699	-184.25345456	-184.28799876
1.3	119.0	23.524207913	-184.25367514	-184.29116335
1.3	120.0	25.352507042	-184.25384906	-184.29425085
1.3	125.0	34.2871441804	-184.2538896	-184.30852964
1.3	122.0	28.9584088075	-184.25404407	-184.30019223
1.3	123.0	30.7408871928	-184.25405868	-184.3030474
1.3	124.0	32.5147184973	-184.25401225	-184.30582775
1.3	129.0	41.331936058	-184.25278978	-184.31865641
1.3	126.0	36.0919619039	-184.2536932	-184.3112094
1.3	127.0	37.8781802458	-184.25344398	-184.3138067
1.3	128.0	39.6149571143	-184.25314721	-184.31627766
1.3	133.0	48.1206852343	-184.25071179	-184.32739698
1.3	130.0	43.0385610949	-184.25236841	-184.32095472
1.3	131.0	44.7379132968	-184.25188195	-184.32317635
1.3	132.0	46.4316179132	-184.25132982	-184.32532331
1.3	137.0	54.8437906418	-184.24758204	-184.33498118
1.3	134.0	49.8058870969	-184.25002783	-184.32939856
1.3	135.0	51.4878321853	-184.24927803	-184.33132911
1.3	136.0	53.1670162318	-184.24846265	-184.33318968
1.3	141.0	61.5311029075	-184.24341817	-184.34147422
1.3	138.0	56.5185005456	-184.24663668	-184.33670464
1.3	139.0	58.1912149692	-184.24562712	-184.33836072
1.3	140.0	59.8620719647	-184.24455403	-184.33995031
1.3	145.0	68.1907733796	-184.23826712	-184.34693603
1.3	142.0	63.1982701471	-184.24222042	-184.34293327
1.3	143.0	64.8635674084	-184.24096179	-184.34432846
1.3	144.0	66.5272645204	-184.23964349	-184.34566143
1.3	146.0	69.8610467913	-184.2368352	-184.34816586
1.3	153.0	81.2672116716	-184.22541654	-184.35492408
1.3	152.0	79.6766256914	-184.2272057	-184.35417848
1.3	157.0	87.4501506265	-184.21787372	-184.3572344
1.3	154.0	82.8441304949	-184.2235851	-184.35560562
1.3	155.0	84.4031715726	-184.2217148	-184.35621981
1.3	156.0	85.9399925388	-184.21980952	-184.35676361
1.3	161.0	93.0930109799	-184.20994834	-184.35830149
1.3	158.0	88.927872748	-184.21591267	-184.35762825
1.3	159.0	90.3657417412	-184.2139328	-184.35793977
1.3	160.0	91.7580598198	-184.21194157	-184.35816734
1.3	165.0	97.5980020819	-184.20223131	-184.35776362
1.3	162.0	94.3594067272	-184.20796468	-184.35833596
1.3	163.0	95.5425256887	-184.20600469	-184.35826139
1.3	164.0	96.6286567818	-184.20408627	-184.35807383
1.3	169.0	100.030505008	-184.19605161	-184.35546036
1.3	166.0	98.4328783713	-184.20046687	-184.35732964
1.3	167.0	99.116976678	-184.19882494	-184.35677789
1.3	168.0	99.6434132229	-184.1973411	-184.35613298
1.3	173.0	101.184971886	-184.19299846	-184.35424697
1.3	170.0	100.318054961	-184.19498335	-184.35485034
1.3	171.0	100.56234441	-184.19414215	-184.35439844
1.3	172.0	100.837883831	-184.19350181	-184.3541972
1.3	177.0	102.296360236	-184.19125995	-184.35427957
1.3	174.0	101.569873663	-184.19254949	-184.35441138
1.3	175.0	101.902177594	-184.19209841	-184.35448986
1.3	176.0	102.133163841	-184.19165317	-184.35441272
1.35	93.0	17.8884384169	-184.23849726	-184.2670043
1.35	90.0	22.7116333113	-184.2330262	-184.26921949
1.35	91.0	21.0579575259	-184.23500304	-184.26856103
1.35	92.0	19.4508617707	-184.23682162	-184.26781854
1.35	97.0	12.1008743727	-184.24385896	-184.26314293
1.35	94.0	16.3750047297	-184.24003818	-184.26613341
1.35	95.0	14.9058230124	-184.24143856	-184.2651925
1.35	96.0	13.4805042092	-184.24270625	-184.2641888
1.35	101.0	6.95852814665	-184.24757993	-184.25866905
1.35	98.0	10.7633127731	-184.24491138	-184.26206381
1.35	99.0	9.46326996647	-184.24587556	-184.26095624
1.35	100.0	8.19638476182	-184.24676195	-184.25982372
1.35	105.0	2.22956007879	-184.25032228	-184.25387531
1.35	102.0	5.74576563638	-184.24833793	-184.25749439
1.35	103.0	4.55438864988	-184.24904345	-184.25630133
1.35	104.0	3.38173027173	-184.24970305	-184.25509218
1.35	109.0	1.05118508911	-184.25247262	-184.25414779
1.35	106.0	1.11861098489	-184.25090585	-184.25268847
1.35	107.0	0.154398712467	-184.25145717	-184.25170322
1.35	108.0	-0.215700115533	-184.2519789	-184.25163516
1.35	113.0	10.4154968074	-184.25416953	-184.27076768
1.35	110.0	3.72885597694	-184.25293903	-184.25888134
1.35	111.0	6.26485404495	-184.25337802	-184.2633617
1.35	112.0	8.43124901747	-184.25378869	-184.26722474
1.35	117.0	17.7528963649	-184.25534991	-184.28364095
1.35	114.0	12.312658829	-184.25451852	-184.27413999
1.35	115.0	14.1593063357	-184.2548333	-184.27739759
1.35	116.0	15.9703364033	-184.25511132	-184.28056167
1.35	121.0	24.6681012556	-184.25585741	-184.29516853
1.35	118.0	19.5111403333	-184.25554642	-184.2866394
1.35	119.0	21.2480740791	-184.25569822	-184.28955918
1.35	120.0	22.9662641162	-184.25580272	-184.29240179
1.35	122.0	26.3561708367	-184.25585972	-184.29786095
1.35	123.0	28.033955537	-184.25580662	-184.30048157
1.35	124.0	29.7082010838	-184.25569232	-184.30303535
1.35	129.0	38.0588778815	-184.25410975	-184.31476043
1.35	126.0	33.0927739736	-184.25522377	-184.30796046
1.35	127.0	34.7841003289	-184.25488426	-184.31031625
1.35	128.0	36.431086863	-184.2545223	-184.31257893
1.35	133.0	44.5216986235	-184.2518532	-184.32280304
1.35	130.0	39.6796596188	-184.2536379	-184.31687146
1.35	131.0	41.2961240908	-184.25310493	-184.31891449
1.35	132.0	42.909758495	-184.25251017	-184.32089122
1.35	137.0	50.9666918206	-184.24860262	-184.32982321
1.35	134.0	46.1325970862	-184.2511339	-184.32465087
1.35	135.0	47.7433386716	-184.25035228	-184.32643613
1.35	136.0	49.3545257887	-184.24950845	-184.32815989
1.35	138.0	52.5804140761	-184.24763513	-184.33142735
1.35	139.0	54.1966275443	-184.24660649	-184.33297431
1.35	140.0	55.8181371927	-184.24551774	-184.3344696
1.35	145.0	63.9676909205	-184.23925882	-184.34119782
1.35	149.0	70.5015582881	-184.23315339	-184.34550477
1.35	146.0	65.597797449	-184.2378168	-184.34235354
1.35	147.0	67.2304014654	-184.23631799	-184.34345645
1.35	148.0	68.8651201887	-184.23476323	-184.34450678
1.35	153.0	77.053278301	-184.22618281	-184.34897502
1.35	150.0	72.1391886555	-184.23148937	-184.34645048
1.35	151.0	73.7776410604	-184.2297722	-184.34734435
1.35	152.0	75.4159303128	-184.22800294	-184.34818587
1.35	157.0	83.5666574834	-184.21842217	-184.35159411
1.35	154.0	78.6885617829	-184.2243131	-184.3497113
1.35	155.0	80.3204567135	-184.22239527	-184.35039406
1.35	156.0	81.947193516	-184.220431	-184.35102216
1.35	161.0	89.9072958507	-184.20999254	-184.35326893
1.35	159.0	86.7725093925	-184.21428013	-184.35256092
1.35	160.0	88.351423696	-184.2121527	-184.35294965
1.35	165.0	95.7146766449	-184.20114559	-184.35367663
1.35	162.0	91.4330036237	-184.2078045	-184.35351226
1.35	163.0	92.9187955175	-184.20559479	-184.35367031
1.35	164.0	94.3520460407	-184.20337153	-184.35373108
1.35	169.0	99.7938398002	-184.19262704	-184.35165864
1.35	166.0	96.9807021615	-184.19893211	-184.35348069
1.35	167.0	98.1155154417	-184.19675203	-184.35310905
1.35	168.0	99.0764709398	-184.19463564	-184.35252404
1.35	173.0	99.8269346512	-184.18707354	-184.34615788
1.35	170.0	100.201890403	-184.19078832	-184.35047019
1.35	171.0	100.268255807	-184.18920053	-184.34898816
1.35	172.0	100.067848098	-184.18794734	-184.3474156
1.35	177.0	100.803496311	-184.18527827	-184.34591886
1.35	174.0	99.8210925378	-184.18653038	-184.34560541
1.35	175.0	100.162457706	-184.18615934	-184.34577837
1.35	176.0	100.614666152	-184.18576086	-184.34610053
1.4	93.0	16.9958187033	-184.24163213	-184.26871669
1.4	90.0	21.8857304077	-184.23645523	-184.27133236
1.4	91.0	20.200654047	-184.2383091	-184.27050089
1.4	92.0	18.5753793416	-184.24003062	-184.26963237
1.4	97.0	11.1596854239	-184.24663306	-184.26441715
1.4	94.0	15.4520763073	-184.24308141	-184.26770586
1.4	95.0	13.9652490229	-184.24438163	-184.26663667
1.4	96.0	12.536780122	-184.24555929	-184.26553792
1.4	101.0	6.05194634671	-184.25012114	-184.25976553
1.4	98.0	9.82772748406	-184.24761608	-184.26327756
1.4	99.0	8.5356289477	-184.24851906	-184.26212145
1.4	100.0	7.27864584297	-184.24935131	-184.26095057
1.4	105.0	1.31603174869	-184.25270898	-184.25480621
1.4	102.0	4.85020290325	-184.25083584	-184.25856513
1.4	103.0	3.66712159233	-184.25150186	-184.25734579
1.4	104.0	2.49366627715	-184.2521247	-184.25609861
1.4	109.0	-2.00068226375	-184.25472108	-184.25153279
1.4	106.0	0.109763961744	-184.2532584	-184.25343332
1.4	107.0	-1.1637791187	-184.25377576	-184.25192116
1.4	108.0	-2.43968163485	-184.25426298	-184.2503751
1.4	113.0	7.83308813679	-184.25626246	-184.26874528
1.4	110.0	1.54191006831	-184.25515074	-184.25760793
1.4	111.0	4.06564660069	-184.25555144	-184.26203046
1.4	112.0	6.03045414633	-184.25592246	-184.2655326
1.4	117.0	14.5486195047	-184.25727487	-184.28045957
1.4	114.0	9.56593052065	-184.25656975	-184.27181403
1.4	115.0	11.2563720876	-184.25684234	-184.27478051
1.4	116.0	12.9153628784	-184.25707811	-184.27766005
1.4	121.0	20.8879338269	-184.25762989	-184.29091693
1.4	118.0	16.1598505474	-184.25743046	-184.28318282
1.4	119.0	17.7519864761	-184.25754284	-184.28583243
1.4	120.0	19.3272486743	-184.25760995	-184.28840988
1.4	125.0	27.0270788937	-184.25720258	-184.30027297
1.4	122.0	22.4360750645	-184.25760089	-184.29335505
1.4	123.0	23.973699243	-184.25752117	-184.29572569
1.4	124.0	25.5030967718	-184.25738909	-184.29803086
1.4	129.0	33.1923785565	-184.255761	-184.30865642
1.4	126.0	28.5507096103	-184.2569576	-184.30245605
1.4	127.0	30.1645071669	-184.25654422	-184.30461442
1.4	128.0	31.6811788031	-184.25617794	-184.30666511
1.4	133.0	39.3033296215	-184.25340299	-184.31603683
1.4	130.0	34.7960543849	-184.25518066	-184.3106317
1.4	131.0	36.2997491246	-184.25464164	-184.31248897
1.4	132.0	37.8016554623	-184.25405056	-184.31429133
1.4	134.0	40.8059764204	-184.25269817	-184.31772663
1.4	135.0	42.3105935991	-184.25193599	-184.31936221
1.4	136.0	43.8188942586	-184.25111683	-184.32094668
1.4	141.0	51.4295051772	-184.24620624	-184.32816437
1.4	140.0	49.9040233076	-184.24730845	-184.32683557
1.4	145.0	57.5839238253	-184.24124402	-184.33300984
1.4	142.0	52.9599757473	-184.2450482	-184.32944529
1.4	143.0	54.4956922969	-184.24383483	-184.33067924
1.4	144.0	56.0369246549	-184.2425666	-184.33186712
1.4	149.0	63.8330964078	-184.23542058	-184.33714509
1.4	146.0	59.1368592355	-184.23986758	-184.33410816
1.4	147.0	60.6959379637	-184.23843782	-184.33516295
1.4	148.0	62.2613043371	-184.2369553	-184.336175
1.4	153.0	70.1860402364	-184.22877203	-184.3406206
1.4	150.0	65.4114083022	-184.23383427	-184.33807398
1.4	151.0	66.9963090464	-184.23219697	-184.33896238
1.4	152.0	68.587842566	-184.23050934	-184.33981102
1.4	157.0	76.6447005905	-184.22134053	-184.34348163
1.4	154.0	71.7908706823	-184.22698575	-184.34139178
1.4	155.0	73.4023150783	-184.22515122	-184.34212525
1.4	156.0	75.0202855731	-184.22326922	-184.34282165
1.4	161.0	83.2031224048	-184.21317715	-184.34576976
1.4	158.0	78.2753907028	-184.21936603	-184.3441058
1.4	159.0	79.9121990328	-184.21734662	-184.34469481
1.4	160.0	81.5548557513	-184.21528331	-184.34524924
1.4	165.0	89.843308707	-184.20435	-184.34752442
1.4	162.0	84.8566413128	-184.21102934	-184.346257
1.4	163.0	86.5149104677	-184.20884118	-184.34671146
1.4	164.0	88.1773839362	-184.20661416	-184.34713376
1.4	169.0	96.5152846405	-184.19496895	-184.34877584
1.4	166.0	91.5117184154	-184.2020507	-184.3478839
1.4	167.0	93.1811509643	-184.1997187	-184.34821231
1.4	168.0	94.8500124795	-184.19735685	-184.34850996
1.4	173.0	102.993755469	-184.18528762	-184.34941861
1.4	170.0	98.1727756836	-184.19255985	-184.34900812
1.4	171.0	99.81562693	-184.19013615	-184.34920247
1.4	172.0	101.431099937	-184.18770729	-184.34934803
1.4	177.0	98.9773307139	-184.17858487	-184.33631528
1.4	174.0	104.44105593	-184.18290107	-184.34933848
1.4	175.0	105.528002786	-184.18059723	-184.3487668
1.4	176.0	100.781734281	-184.17874026	-184.33934617
1.45	93.0	14.4988642764	-184.24513362	-184.26823903
1.45	90.0	19.4097473483	-184.24031783	-184.27124923
1.45	91.0	17.709441332	-184.2420873	-184.27030909
1.45	92.0	16.0803513689	-184.24370043	-184.2693261
1.45	97.0	8.8618083858	-184.24965667	-184.26377886
1.45	94.0	12.9980184298	-184.24642393	-184.26713759
1.45	95.0	11.5632618837	-184.24759853	-184.26602576
1.45	96.0	10.1863240629	-184.2486723	-184.26490524
1.45	101.0	4.00794082708	-184.25288304	-184.2592701
1.45	98.0	7.58527208506	-184.25056153	-184.26264943
1.45	99.0	6.35296265386	-184.2513957	-184.26151979
1.45	100.0	5.16152291639	-184.25216716	-184.26039257
1.45	105.0	-0.282460851229	-184.25530462	-184.25485449
1.45	102.0	2.88937376785	-184.25354966	-184.25815417
1.45	103.0	1.80332425092	-184.25417251	-184.25704629
1.45	104.0	0.747093985419	-184.25475623	-184.2559468
1.45	109.0	-3.62885606302	-184.25719376	-184.25141081
1.45	106.0	-1.29067408979	-184.25582069	-184.25376387
1.45	107.0	-2.29106228488	-184.25630667	-184.25265563
1.45	108.0	-3.35069365187	-184.25676408	-184.25142441
1.45	113.0	4.4629730659	-184.2586334	-184.2657456
1.45	110.0	-0.251963889538	-184.257596	-184.25719447
1.45	111.0	1.36010174088	-184.25797056	-184.26013802
1.45	112.0	2.92654115554	-184.25831673	-184.26298047
1.45	117.0	10.3775764083	-184.25957174	-184.27610946
1.45	114.0	5.97380258866	-184.25891905	-184.26843891
1.45	115.0	7.46170291431	-184.25917193	-184.27106291
1.45	116.0	8.92895190229	-184.25939013	-184.27361932
1.45	121.0	16.0232982051	-184.25989661	-184.28543136
1.45	118.0	11.8095154368	-184.25971492	-184.27853458
1.45	119.0	13.2266201406	-184.25981786	-184.28089582
1.45	120.0	14.6307291227	-184.25987894	-184.28319449
1.45	125.0	21.5092560832	-184.25950725	-184.29378443
1.45	122.0	17.4060153884	-184.25986947	-184.28760772
1.45	123.0	18.7803427696	-184.25979626	-184.28972464
1.45	124.0	20.1476608697	-184.25967586	-184.2917832
1.45	129.0	26.9228997665	-184.25833585	-184.30124022
1.45	126.0	22.8664336298	-184.25928965	-184.29572963
1.45	127.0	24.2202916512	-184.25902231	-184.2976198
1.45	128.0	25.5720224153	-184.25870458	-184.29945619
1.45	133.0	32.5187031826	-184.25613179	-184.30795364
1.45	130.0	28.2748187835	-184.25791531	-184.3029741
1.45	131.0	29.8070903059	-184.25724478	-184.3047454
1.45	132.0	31.1628057554	-184.25671306	-184.30637415
1.45	137.0	38.1508017481	-184.2530903	-184.31388747
1.45	134.0	33.8761129077	-184.25549974	-184.30948476
1.45	141.0	43.6638052857	-184.24941417	-184.31899687
1.45	138.0	39.5230834484	-184.2522458	-184.31522984
1.45	139.0	40.8935579213	-184.25135125	-184.31651928
1.45	140.0	42.2777183764	-184.25040725	-184.31778108
1.45	145.0	49.2505411894	-184.24496291	-184.32344864
1.45	142.0	45.0530297424	-184.24837258	-184.32016915
1.45	143.0	46.4471236729	-184.24728308	-184.32130128
1.45	144.0	47.8462502296	-184.2461463	-184.32239415
1.45	149.0	54.9205852544	-184.23977843	-184.32729995
1.45	146.0	50.6600844038	-184.24373364	-184.32446562
1.45	147.0	52.0749300735	-184.24245925	-184.32544593
1.45	148.0	53.4950970237	-184.24114055	-184.32639041
1.45	153.0	60.6739061052	-184.2339153	-184.33060532
1.45	150.0	56.3513382899	-184.23837381	-184.32817538
1.45	151.0	57.7872494535	-184.23692768	-184.32901752
1.45	152.0	59.2281681429	-184.23544113	-184.32982722
1.45	157.0	66.4989889424	-184.2274463	-184.33341918
1.45	154.0	62.1242123367	-184.23235147	-184.3313527
1.45	155.0	63.5787668075	-184.230751	-184.33207021
1.45	156.0	65.0371867368	-184.22911538	-184.33275873
1.45	161.0	72.3666984999	-184.22047554	-184.33579921
1.45	158.0	67.9636212158	-184.22574557	-184.33405249
1.45	159.0	69.4303744712	-184.22401527	-184.33465961
1.45	160.0	70.898401571	-184.22225772	-184.33524151
1.45	165.0	78.21311666	-184.21316871	-184.33780924
1.45	162.0	73.8339976886	-184.21867178	-184.33633374
1.45	163.0	75.2988370401	-184.2168499	-184.33684623
1.45	164.0	76.7592901003	-184.21501396	-184.33733767
1.45	169.0	83.8913559991	-184.20582601	-184.33951539
1.45	166.0	79.6573674249	-184.21131981	-184.3382619
1.45	167.0	81.0884342151	-184.209474	-184.33869664
1.45	168.0	82.5017236612	-184.20763943	-184.33911429
1.45	173.0	89.0282617178	-184.19907237	-184.34094793
1.45	170.0	85.2498262153	-184.20404586	-184.3399001
1.45	171.0	86.5675208642	-184.20231392	-184.34026804
1.45	172.0	87.8321595848	-184.20064859	-184.34061804
1.45	177.0	92.6970964111	-184.19426612	-184.34198834
1.45	174.0	90.1366944986	-184.1976125	-184.34125446
1.45	175.0	91.1347483584	-184.19630092	-184.34153338
1.45	176.0	91.9969401363	-184.19517336	-184.34177981
1.5	93.0	10.6664002059	-184.24920608	-184.26620407
1.5	90.0	15.335008135	-184.24506187	-184.26949976
1.5	91.0	13.7005341403	-184.24657162	-184.26840481
1.5	92.0	12.1473100757	-184.2479479	-184.26730587
1.5	97.0	5.36795471661	-184.25327899	-184.26183337
1.5	94.0	9.25221969633	-184.25035815	-184.2651025
1.5	95.0	7.90023165328	-184.25141467	-184.26400449
1.5	96.0	6.60660199377	-184.2523853	-184.26291359
1.5	101.0	0.917425164102	-184.2562394	-184.25770141
1.5	98.0	4.18145347892	-184.25410403	-184.2607676
1.5	99.0	3.04495847327	-184.25486796	-184.25972041
1.5	100.0	1.95702015274	-184.25557772	-184.25869643
1.5	105.0	-2.67598916237	-184.25850163	-184.25423717
1.5	102.0	-0.0724145962991	-184.2568584	-184.256743
1.5	103.0	-1.00845169217	-184.25743933	-184.25583226
1.5	104.0	-1.88208924335	-184.25798605	-184.25498675
1.5	109.0	-4.23509299097	-184.26029126	-184.25354221
1.5	106.0	-3.35597100676	-184.25898848	-184.2536404
1.5	107.0	-3.86197584227	-184.25944832	-184.25329387
1.5	108.0	-4.17088621893	-184.25988235	-184.25323562
1.5	113.0	0.318950528654	-184.26167532	-184.2621836
1.5	110.0	-3.4289817371	-184.26067531	-184.25521088
1.5	111.0	-2.23328121013	-184.26103441	-184.25747545
1.5	112.0	-0.963245907776	-184.26136806	-184.25983303
1.5	117.0	5.36952976545	-184.26260876	-184.27116565
1.5	114.0	1.59703050278	-184.2619548	-184.26449983
1.5	115.0	2.86567273403	-184.26220475	-184.26677149
1.5	116.0	4.12319549693	-184.26242334	-184.26899407
1.5	121.0	10.2574334395	-184.26298721	-184.27933347
1.5	118.0	6.60520264756	-184.26275931	-184.27328537
1.5	119.0	7.83165114004	-184.26287414	-184.27535467
1.5	120.0	9.04812223145	-184.26294985	-184.27736895
1.5	125.0	15.0376000074	-184.26272651	-184.28669045
1.5	122.0	11.4600365709	-184.26298445	-184.28124718
1.5	123.0	12.6569670165	-184.26294061	-184.28311077
1.5	124.0	13.8491785907	-184.26285486	-184.28492493
1.5	129.0	19.7693353922	-184.26177764	-184.29328208
1.5	126.0	16.2230533043	-184.262555	-184.28840808
1.5	127.0	17.4063605186	-184.26233988	-184.29007868
1.5	128.0	18.5882621116	-184.26208083	-184.29170311
1.5	133.0	24.4967284112	-184.2601226	-184.29916062
1.5	130.0	20.9502266949	-184.26143018	-184.29481649
1.5	131.0	22.1314505777	-184.26103845	-184.29630716
1.5	132.0	23.3134776727	-184.26060254	-184.29775493
1.5	137.0	29.5037961392	-184.25751944	-184.30453673
1.5	134.0	25.6815604736	-184.25959889	-184.30052506
1.5	135.0	27.1117864011	-184.25879912	-184.3020045
1.5	136.0	28.3072359243	-184.25818027	-184.30329072
1.5	141.0	34.4171327733	-184.25433304	-184.30918023
1.5	138.0	30.7029981692	-184.25681617	-184.30574451
1.5	139.0	31.9052875459	-184.25607078	-184.30691509
1.5	145.0	39.462484856	-184.25041918	-184.31330665
1.5	142.0	35.630585544	-184.25346138	-184.31024233
1.5	143.0	36.8477217955	-184.25255041	-184.31127099
1.5	149.0	44.3590544362	-184.24609729	-184.31678794
1.5	146.0	40.6829406327	-184.24938668	-184.31421907
1.5	147.0	41.9070108642	-184.2483224	-184.31510547
1.5	148.0	43.1325557429	-184.24722564	-184.31596174
1.5	153.0	49.2640765693	-184.24129608	-184.31980338
1.5	150.0	45.5860488619	-184.24493861	-184.3175846
1.5	151.0	46.8129930869	-184.24375106	-184.31835231
1.5	152.0	48.0392407763	-184.24253629	-184.31909169
1.5	157.0	54.1305319687	-184.23612283	-184.32238532
1.5	154.0	50.4866658784	-184.24003238	-184.320488
1.5	155.0	51.7060297886	-184.23874734	-184.32114614
1.5	156.0	52.9210701584	-184.2374433	-184.32177839
1.5	161.0	58.8805969059	-184.23073782	-184.32457002
1.5	158.0	55.3329782228	-184.23478876	-184.32296747
1.5	159.0	56.5267648457	-184.2334442	-184.32352533
1.5	160.0	57.7100155842	-184.23209262	-184.32405938
1.5	165.0	63.3820802298	-184.22537875	-184.32638452
1.5	162.0	60.0360740739	-184.22938406	-184.32505763
1.5	163.0	61.1736483959	-184.22803604	-184.32552245
1.5	164.0	62.2901823243	-184.226699	-184.32596472
1.5	169.0	67.4145441281	-184.22040474	-184.32783665
1.5	166.0	64.4452758507	-184.22408175	-184.32678183
1.5	167.0	65.4752322935	-184.22281509	-184.32715651
1.5	168.0	66.466860456	-184.22158656	-184.32750824
1.5	173.0	70.638148281	-184.21633509	-184.32890414
1.5	170.0	68.3122152932	-184.21927877	-184.32814121
1.5	171.0	69.1532851013	-184.21821838	-184.32842115
1.5	172.0	69.930913699	-184.21723373	-184.32867573
1.5	177.0	72.6300140363	-184.21379294	-184.32953623
1.5	174.0	71.2680172167	-184.2155326	-184.32910541
1.5	175.0	71.8138940058	-184.21483586	-184.32927858
1.5	176.0	72.2696667059	-184.21425352	-184.32942256
1.55	93.0	5.63771477557	-184.2540698	-184.26305407
1.55	90.0	9.96452455506	-184.25042898	-184.26630846
1.55	91.0	8.45049473386	-184.25174785	-184.26521457
1.55	92.0	7.00958859464	-184.25295825	-184.26412874
1.55	97.0	0.77006710821	-184.25770354	-184.25893072
1.55	94.0	4.33110194448	-184.25509166	-184.26199371
1.55	95.0	3.08626742366	-184.25603253	-184.26095081
1.55	96.0	1.90013641656	-184.25690061	-184.25992867
1.55	101.0	-3.22073015932	-184.26039674	-184.25526418
1.55	98.0	-0.306042658237	-184.25844844	-184.25796073
1.55	99.0	-1.32962987955	-184.2591418	-184.2570229
1.55	100.0	-2.30133461541	-184.2597895	-184.25612209
1.55	105.0	-6.31865670949	-184.26250101	-184.25243159
1.55	102.0	-4.08612223567	-184.26096804	-184.25445639
1.55	103.0	-4.89425407015	-184.26150721	-184.25370772
1.55	104.0	-5.64041934151	-184.26201738	-184.2530288
1.55	109.0	-7.60094727235	-184.26419908	-184.2520862
1.55	106.0	-6.92042576981	-184.26295991	-184.25193151
1.55	107.0	-7.41711208924	-184.26339538	-184.25157546
1.55	108.0	-7.70240928343	-184.26380825	-184.25153368
1.55	113.0	-4.35447667335	-184.26554407	-184.25860477
1.55	110.0	-7.08048461796	-184.26456817	-184.2532847
1.55	111.0	-6.28465196968	-184.26491563	-184.2549004
1.55	112.0	-5.35093038388	-184.26524119	-184.25671394
1.55	117.0	-0.224209144362	-184.26649707	-184.26613977
1.55	114.0	-3.33085180147	-184.26582291	-184.26051486
1.55	115.0	-2.2967035953	-184.26607591	-184.26241588
1.55	116.0	-1.25988847372	-184.2663012	-184.26429344
1.55	121.0	3.88471678656	-184.26695962	-184.27315031
1.55	118.0	0.80853971566	-184.26666204	-184.26795053
1.55	119.0	1.83768039605	-184.26679484	-184.26972337
1.55	120.0	2.86301209376	-184.26689434	-184.27145684
1.55	125.0	7.94317840347	-184.26686405	-184.27952231
1.55	122.0	4.90313332959	-184.26698985	-184.27480349
1.55	123.0	5.91870097947	-184.26698436	-184.27641641
1.55	124.0	6.93189036837	-184.26694257	-184.27798924
1.55	129.0	11.9781209643	-184.26617758	-184.28526593
1.55	126.0	8.95301689162	-184.26674846	-184.281016
1.55	127.0	9.96187646497	-184.26659558	-184.28247084
1.55	128.0	10.9701148039	-184.2664053	-184.28388729
1.55	133.0	16.0129944991	-184.26489544	-184.29041377
1.55	130.0	12.9861522251	-184.26591253	-184.28660728
1.55	131.0	13.9945286161	-184.26561029	-184.28791199
1.55	132.0	15.003419565	-184.26527115	-184.28918062
1.55	137.0	20.0598409152	-184.26303651	-184.2950039
1.55	134.0	17.0233851957	-184.26448358	-184.29161207
1.55	135.0	18.0346481304	-184.26403608	-184.29277612
1.55	136.0	19.0468084037	-184.2635535	-184.29390652
1.55	141.0	24.1186790378	-184.26063971	-184.29907527
1.55	138.0	21.0736766389	-184.26248581	-184.29606885
1.55	139.0	22.0882088981	-184.2619022	-184.297102
1.55	140.0	23.1032808155	-184.26128652	-184.29810394
1.55	142.0	25.1341839368	-184.25996275	-184.30001662
1.55	143.0	26.1495256832	-184.25925668	-184.3009286
1.55	149.0	32.7052115562	-184.25396843	-184.3060875
1.55	147.0	30.6770067257	-184.25569109	-184.30457801
1.55	148.0	31.6925869258	-184.25483968	-184.30534503
1.55	153.0	36.7067768867	-184.2503083	-184.30880427
1.55	150.0	33.7137887502	-184.25307801	-184.30680435
1.55	151.0	34.7175090208	-184.25216995	-184.30749582
1.55	152.0	35.7155001296	-184.25124605	-184.30816232
1.55	157.0	40.5823822353	-184.24646296	-184.3111351
1.55	154.0	37.6902913513	-184.2493588	-184.3094221
1.55	155.0	38.6648763558	-184.24839982	-184.31001622
1.55	156.0	39.6293333569	-184.24743372	-184.31058708
1.55	158.0	41.5227554218	-184.24549006	-184.31166078
1.55	160.0	43.3614963089	-184.24354716	-184.3126481
1.55	165.0	47.8535042394	-184.23851925	-184.31477866
1.55	164.0	47.0586128554	-184.23942605	-184.31441872
1.55	169.0	50.6840803671	-184.23523441	-184.31600463
1.55	166.0	48.616066334	-184.23764316	-184.31511779
1.55	167.0	49.3438581272	-184.23680091	-184.31543535
1.55	173.0	52.8200223036	-184.23269897	-184.31687303
1.55	170.0	51.2906247747	-184.23451909	-184.3162559
1.55	171.0	51.8507523046	-184.23385514	-184.31648457
1.55	172.0	52.3615199372	-184.233247	-184.31669039
1.55	177.0	54.0807641902	-184.23118242	-184.3173656
1.55	175.0	53.5696075017	-184.23179892	-184.31716752
1.6	93.0	-0.343511250492	-184.25970858	-184.25916116
1.6	90.0	3.57807799427	-184.25654395	-184.26224598
1.6	91.0	2.20370668739	-184.25768628	-184.26119811
1.6	92.0	0.897646064649	-184.25873851	-184.260169
1.6	97.0	-4.7199884069	-184.26291467	-184.25539289
1.6	94.0	-1.52298438179	-184.26060415	-184.25817712
1.6	95.0	-2.64379164992	-184.26143251	-184.25721936
1.6	96.0	-3.70865644615	-184.26220054	-184.25629042
1.6	101.0	-8.26296351978	-184.26534322	-184.25217535
1.6	98.0	-5.67982066302	-184.26358085	-184.25452948
1.6	99.0	-6.58975963877	-184.26420452	-184.25370307
1.6	100.0	-7.45075914864	-184.26479054	-184.252917
1.6	105.0	-10.9487606556	-184.26728519	-184.24983723
1.6	102.0	-9.02528716073	-184.26586625	-184.25148354
1.6	103.0	-9.73422229347	-184.2663627	-184.25085023
1.6	104.0	-10.3814230416	-184.26683505	-184.2502912
1.6	109.0	-11.5793826027	-184.26888494	-184.25043202
1.6	106.0	-11.4016907376	-184.2677145	-184.24954475
1.6	107.0	-11.6876279915	-184.26812388	-184.24949846
1.6	108.0	-11.7538051434	-184.26851391	-184.24978303
1.6	113.0	-9.24581909943	-184.27018193	-184.25544778
1.6	110.0	-11.1899062814	-184.26923727	-184.25140502
1.6	111.0	-10.637936375	-184.26957105	-184.25261842
1.6	112.0	-9.97656018727	-184.26988616	-184.2539875
1.6	117.0	-6.03231157447	-184.27114116	-184.26152806
1.6	114.0	-8.47238854029	-184.27045703	-184.25695542
1.6	115.0	-7.6728222105	-184.27070972	-184.2584823
1.6	116.0	-6.85738616544	-184.27093826	-184.26001032
1.6	121.0	-2.69375395632	-184.27167502	-184.26738225
1.6	118.0	-5.20144507079	-184.27131721	-184.26302818
1.6	119.0	-4.36718374073	-184.2714654	-184.26450585
1.6	120.0	-3.53100850668	-184.27158491	-184.26595789
1.6	125.0	0.65905440257	-184.27173202	-184.27278229
1.6	122.0	-1.85597229797	-184.27173521	-184.26877753
1.6	123.0	-1.01786433466	-184.27176499	-184.27014292
1.6	124.0	-0.179524192857	-184.27176401	-184.27147792
1.6	129.0	4.01671968497	-184.27129239	-184.27769344
1.6	126.0	1.49789655198	-184.27166888	-184.27405593
1.6	127.0	2.33707755651	-184.27157452	-184.27529889
1.6	128.0	3.17666644223	-184.27144898	-184.27651132
1.65	93.0	-6.83753176486	-184.26590604	-184.25500974
1.65	90.0	-3.37044137583	-184.2631758	-184.25780466
1.65	91.0	-4.58800433378	-184.26415738	-184.25684593
1.65	92.0	-5.74274104058	-184.26506528	-184.25591364
1.65	97.0	-10.6669398641	-184.2687182	-184.25171935
1.65	94.0	-7.87502459668	-184.26668591	-184.25413626
1.65	95.0	-8.8576856484	-184.26741086	-184.25329524
1.65	96.0	-9.78771747835	-184.26808653	-184.25248881
1.65	101.0	-13.6852919346	-184.2708952	-184.2490863
1.65	98.0	-11.4966078246	-184.26931072	-184.25098971
1.65	99.0	-12.2771292411	-184.26986851	-184.25030366
1.65	100.0	-13.0076067749	-184.27039552	-184.24966658
1.65	105.0	-15.6904546161	-184.27267178	-184.24766745
1.65	102.0	-14.3045183092	-184.27137049	-184.24857479
1.65	103.0	-14.8556034272	-184.27182381	-184.2481499
1.65	104.0	-15.3239765179	-184.2722571	-184.24783679
1.65	109.0	-15.8171111336	-184.27415964	-184.24895347
1.65	106.0	-15.9340851795	-184.27306885	-184.24767627
1.65	107.0	-16.0382517565	-184.27344896	-184.24789038
1.65	108.0	-15.9969114307	-184.27381248	-184.24831978
1.65	113.0	-14.119691661	-184.27538624	-184.25288508
1.65	110.0	-15.5167599865	-184.27449064	-184.24976311
1.65	111.0	-15.1189879896	-184.27480556	-184.25071192
1.65	112.0	-14.6468059161	-184.27510427	-184.2517631
1.65	117.0	-11.706352875	-184.27632033	-184.25766507
1.65	114.0	-13.5526113259	-184.27565029	-184.25405283
1.65	115.0	-12.9564710258	-184.2758949	-184.25524745
1.65	116.0	-12.3391962057	-184.27611864	-184.25645488
1.65	121.0	-9.08520804289	-184.27689044	-184.26241224
1.65	118.0	-11.0620512208	-184.27649902	-184.25887052
1.65	119.0	-10.4091589615	-184.27665399	-184.26006594
1.65	120.0	-9.74970922793	-184.27678462	-184.26124747
1.65	125.0	-6.39328013924	-184.27705936	-184.26687102
1.65	122.0	-8.4166719718	-184.27697107	-184.26355825
1.65	123.0	-7.7448352007	-184.27702621	-184.26468403
1.65	124.0	-7.07023111273	-184.27705568	-184.26578855
1.65	129.0	-3.66718434328	-184.27681686	-184.27097283
1.65	126.0	-5.71426465948	-184.27703722	-184.26793096
1.65	127.0	-5.03342312707	-184.27698932	-184.26896805
1.65	128.0	-4.35100654583	-184.27691579	-184.26998202
1.65	133.0	-0.921786355127	-184.27617383	-184.27470487
1.65	130.0	-2.9821635976	-184.27669281	-184.27194043
1.65	131.0	-2.29610746126	-184.27654399	-184.27288491
1.65	132.0	-1.60924811275	-184.27637084	-184.27380634
1.65	137.0	1.82873838566	-184.27515927	-184.27807355
1.65	134.0	-0.233973192169	-184.27595353	-184.27558067
1.65	135.0	0.453908996817	-184.27571055	-184.2764339
1.65	136.0	1.1415715575	-184.27544555	-184.27726476
1.65	141.0	4.56484923323	-184.27381753	-184.28109208
1.65	138.0	2.51501415034	-184.27485247	-184.2788604
1.65	139.0	3.20007882168	-184.27452598	-184.27962563
1.65	140.0	3.88349941811	-184.27418069	-184.28036944
1.65	145.0	7.25993350967	-184.27220632	-184.28377576
1.65	142.0	5.24367646013	-184.27343746	-184.28179379
1.65	143.0	5.91948536636	-184.27304152	-184.28247482
1.65	144.0	6.59176139408	-184.27263076	-184.2831354
1.65	149.0	9.87948446763	-184.27039539	-184.28613935
1.65	146.0	7.9234369546	-184.27176933	-184.28439613
1.65	147.0	8.58163166915	-184.27132101	-184.28499671
1.65	148.0	9.23387759364	-184.2708626	-184.28557772
1.65	153.0	12.3806369331	-184.26846571	-184.28819551
1.65	150.0	10.5177306552	-184.26992071	-184.28668178
1.65	151.0	11.1478631449	-184.26943992	-184.28720517
1.65	152.0	11.769103825	-184.26895444	-184.2877097
1.65	157.0	14.7122614321	-184.26650836	-184.28995384
1.65	154.0	12.9816090563	-184.26797521	-184.28866272
1.65	155.0	13.5711416814	-184.26748445	-184.28911144
1.65	156.0	14.1483374697	-184.26699497	-184.28954178
1.65	161.0	16.8159180048	-184.26462267	-184.29142054
1.65	158.0	15.261953479	-184.2660262	-184.29034767
1.65	159.0	15.796459796	-184.26555011	-184.29072337
1.65	160.0	16.3147763679	-184.26508172	-184.29108097
1.65	165.0	18.628642348	-184.26291263	-184.29259926
1.65	162.0	17.2988681413	-184.2641746	-184.2917421
1.65	163.0	17.7626353123	-184.26373916	-184.29204572
1.65	164.0	18.2062217779	-184.26331796	-184.29233142
1.65	169.0	20.087765088	-184.26148098	-184.29349287
1.65	166.0	19.0289181078	-184.26252475	-184.29284926
1.65	167.0	19.4061328936	-184.26215585	-184.29308149
1.65	168.0	19.7593642662	-184.26180745	-184.293296
1.65	173.0	21.138215991	-184.26042106	-184.29410695
1.65	170.0	20.3913039833	-184.26117806	-184.29367367
1.65	171.0	20.6676152414	-184.26089952	-184.29383546
1.65	172.0	20.916805539	-184.26064681	-184.29397986
1.65	177.0	21.7349838005	-184.25980577	-184.29444267
1.65	174.0	21.3304723516	-184.26022304	-184.29421531
1.65	175.0	21.4947041379	-184.2600541	-184.29430809
1.65	176.0	21.629656331	-184.2599148	-184.29438385
1.7	93.0	-13.2990221867	-184.27236323	-184.25116989
1.7	90.0	-10.335150491	-184.27000456	-184.25353445
1.7	91.0	-11.3808197716	-184.27084917	-184.25271268
1.7	92.0	-12.3680365423	-184.27163364	-184.25192392
1.7	97.0	-16.4959258103	-184.27483089	-184.24854296
1.7	94.0	-14.1758851367	-184.27304306	-184.25045235
1.7	95.0	-15.0002631922	-184.27367795	-184.24977351
1.7	96.0	-15.7733925468	-184.27427248	-184.24913598
1.7	101.0	-18.8580598212	-184.27677619	-184.24672396
1.7	98.0	-17.1676810052	-184.27535714	-184.2479987
1.7	99.0	-17.7873591866	-184.27585473	-184.24750877
1.7	100.0	-18.352274614	-184.27632683	-184.24708062
1.7	105.0	-20.1531578529	-184.27838639	-184.24627029
1.7	102.0	-19.2986718917	-184.27720512	-184.24645073
1.7	103.0	-19.6666685629	-184.27761554	-184.24627471
1.7	104.0	-19.9539235867	-184.27800893	-184.24621033
1.7	109.0	-20.0354684462	-184.27974825	-184.2478197
1.7	106.0	-20.2595646389	-184.27874868	-184.24646301
1.7	107.0	-20.2722779813	-184.27909626	-184.24679033
1.7	108.0	-20.1950754876	-184.2794294	-184.2472465
1.7	113.0	-18.7891404528	-184.28088089	-184.25093849
1.7	110.0	-19.8038860653	-184.28005289	-184.24849339
1.7	111.0	-19.5117176421	-184.28034335	-184.24924945
1.7	112.0	-19.1701830465	-184.28061949	-184.25006986
1.7	117.0	-17.0075656812	-184.28175852	-184.25465524
1.7	114.0	-18.3766282577	-184.28112662	-184.2518416
1.7	115.0	-17.9390345079	-184.28135549	-184.25276782
1.7	116.0	-17.481360454	-184.28156642	-184.2537081
1.7	121.0	-15.0041035503	-184.2823272	-184.25841664
1.7	118.0	-16.5207689114	-184.28193112	-184.2556036
1.7	119.0	-16.0234048817	-184.28208369	-184.25654877
1.7	120.0	-15.5173686708	-184.28221583	-184.25748733
1.7	125.0	-12.8984012967	-184.28256152	-184.26200661
1.7	122.0	-14.4847641379	-184.28241758	-184.25933464
1.7	123.0	-13.9602477722	-184.28248681	-184.26023974
1.7	124.0	-13.4312635388	-184.28253479	-184.26113071
1.7	129.0	-10.7369824745	-184.28245799	-184.26534752
1.7	126.0	-12.3621254029	-184.28256704	-184.26286674
1.7	127.0	-11.8228939393	-184.28255149	-184.26371051
1.7	128.0	-11.2810708615	-184.28251506	-184.26453753
1.7	133.0	-8.54457723317	-184.28203054	-184.26841389
1.7	130.0	-10.1909676332	-184.2823806	-184.26614026
1.7	131.0	-9.64335264278	-184.28228328	-184.26691562
1.7	132.0	-9.09445753293	-184.28216643	-184.26767349
1.7	137.0	-6.34218831574	-184.28130791	-184.27120099
1.7	134.0	-7.99406942391	-184.28187615	-184.26913679
1.7	135.0	-7.4432604101	-184.28170383	-184.26984224
1.7	136.0	-6.89250787214	-184.28151419	-184.27053028
1.7	141.0	-4.15315907557	-184.28033102	-184.27371254
1.7	138.0	-5.79267197149	-184.28108569	-184.27185448
1.7	139.0	-5.24440437116	-184.28084827	-184.27249078
1.7	140.0	-4.69774947022	-184.28059645	-184.27311011
1.7	145.0	-2.00500580421	-184.27915084	-184.27595566
1.7	142.0	-3.61110381928	-184.28005285	-184.27429819
1.7	143.0	-3.07206060858	-184.27976281	-184.27486717
1.7	144.0	-2.53652517599	-184.27946183	-184.27541962
1.7	149.0	0.0698982832054	-184.27782655	-184.27793794
1.7	146.0	-1.4780421514	-184.2788308	-184.27647539
1.7	147.0	-0.956186425919	-184.27850273	-184.27697895
1.7	148.0	-0.440009661406	-184.27816763	-184.27746643
1.7	153.0	2.03447992543	-184.27642393	-184.27966608
1.7	150.0	0.572928723698	-184.27748054	-184.27839356
1.7	151.0	1.06846670076	-184.2771307	-184.27883341
1.7	152.0	1.55586587958	-184.27677813	-184.27925756
1.7	157.0	3.84831496046	-184.2750139	-184.28114658
1.7	154.0	2.5036499533	-184.27606923	-184.28005905
1.7	155.0	2.96333831261	-184.2757155	-184.28043788
1.7	156.0	3.41158089864	-184.27536323	-184.28079993
1.7	161.0	5.46570814653	-184.27366865	-184.28237881
1.7	158.0	4.27219135261	-184.27466834	-184.28147651
1.7	159.0	4.68385640991	-184.27432832	-184.28179252
1.7	160.0	5.08192333632	-184.27399472	-184.28209328
1.7	165.0	6.84466654786	-184.27246193	-184.2833696
1.7	162.0	5.83454568044	-184.27335123	-184.28264917
1.7	163.0	6.18773940251	-184.2730436	-184.28290439
1.7	164.0	6.52466180325	-184.27274681	-184.28314452
1.7	169.0	7.9435298088	-184.27146173	-184.28412055
1.7	166.0	7.14712612686	-184.27219001	-184.28357968
1.7	167.0	7.43146323151	-184.27193204	-184.28377483
1.7	168.0	7.69710682814	-184.27168898	-184.2839551
1.7	173.0	8.72768450528	-184.27072726	-184.28463571
1.7	170.0	8.17024271605	-184.27125116	-184.28427127
1.7	171.0	8.3767749178	-184.27105808	-184.28440732
1.7	172.0	8.56271853283	-184.27088321	-184.28452877
1.7	177.0	9.17173532786	-184.27030364	-184.28491973
1.7	174.0	8.87134653021	-184.27059082	-184.28472821
1.7	175.0	8.99339712795	-184.27047445	-184.28480634
1.7	176.0	9.09359784491	-184.27037859	-184.28487016
1.75	93.0	-19.2328900708	-184.27878799	-184.24813843
1.75	90.0	-16.8095362331	-184.27673727	-184.24994957
1.75	91.0	-17.6711130517	-184.27746914	-184.24930843
1.75	92.0	-18.478303622	-184.27815127	-184.24870422
1.75	97.0	-21.7494227941	-184.28096029	-184.24630038
1.75	94.0	-19.9364788226	-184.27938343	-184.24761263
1.75	95.0	-20.5900676174	-184.27994153	-184.24712917
1.75	96.0	-21.194365541	-184.28046601	-184.24669064
1.75	101.0	-23.4552257937	-184.28269413	-184.24531585
1.75	98.0	-22.2546871685	-184.28142756	-184.24596246
1.75	99.0	-22.7088157936	-184.28187065	-184.24568185
1.75	100.0	-23.1097692637	-184.28229211	-184.24546435
1.75	105.0	-24.2294030891	-184.28413992	-184.24552791
1.75	102.0	-23.7421545125	-184.28307857	-184.24524304
1.75	103.0	-23.9679512559	-184.28344694	-184.24525158
1.75	104.0	-24.1306330938	-184.28380043	-184.24534582
1.75	109.0	-24.0264037658	-184.28536704	-184.24707853
1.75	106.0	-24.2650895544	-184.28446602	-184.24579714
1.75	107.0	-24.2402088027	-184.28477911	-184.24614988
1.75	108.0	-24.1588835715	-184.28507942	-184.24657979
1.75	113.0	-23.1053704221	-184.28639035	-184.2495696
1.75	110.0	-23.8487746517	-184.28564203	-184.24763659
1.75	111.0	-23.6322022979	-184.28590435	-184.24824404
1.75	112.0	-23.3826229445	-184.28615389	-184.24889131
1.75	117.0	-21.7974272709	-184.28719077	-184.25245436
1.75	114.0	-22.804887498	-184.28661309	-184.25027119
1.75	115.0	-22.4847823519	-184.28682123	-184.25098945
1.75	116.0	-22.1481172301	-184.28701399	-184.25171872
1.75	121.0	-20.2914546717	-184.28773005	-184.25539356
1.75	118.0	-21.4348083561	-184.28735106	-184.25319252
1.75	119.0	-21.0620237875	-184.28749454	-184.25393007
1.75	120.0	-20.6805105617	-184.28762093	-184.25466444
1.75	125.0	-18.6769668546	-184.2879921	-184.25822846
1.75	122.0	-19.8958287572	-184.28782177	-184.25611575
1.75	123.0	-19.4944360304	-184.28789601	-184.25682965
1.75	124.0	-19.0879604767	-184.28795277	-184.25753417
1.75	129.0	-16.9975004288	-184.28797796	-184.26089072
1.75	126.0	-18.2619948222	-184.28801409	-184.25891175
1.75	127.0	-17.8434899114	-184.28801892	-184.25958351
1.75	128.0	-17.4218662783	-184.28800679	-184.26024328
1.75	133.0	-15.2800132024	-184.28770268	-184.26335243
1.75	130.0	-16.5707814186	-184.28793276	-184.26152554
1.75	131.0	-16.1420481029	-184.28787154	-184.26214755
1.75	132.0	-15.7116769874	-184.2877947	-184.26275655
1.75	137.0	-13.5475535993	-184.28719299	-184.26560359
1.75	134.0	-14.847401878	-184.28759596	-184.26393512
1.75	135.0	-14.4142195199	-184.28747507	-184.26450455
1.75	136.0	-13.9808112585	-184.28734055	-184.26506071
1.75	141.0	-11.8238728541	-184.28648507	-184.26764253
1.75	138.0	-13.1148418734	-184.28703301	-184.26613318
1.75	139.0	-12.6830588615	-184.28686125	-184.26664951
1.75	140.0	-12.2525936196	-184.28667837	-184.26715262
1.75	145.0	-10.1350000609	-184.28562233	-184.26947118
1.75	142.0	-11.3969279405	-184.28628231	-184.26812015
1.75	143.0	-10.9729511468	-184.28607035	-184.26858384
1.75	144.0	-10.5520114991	-184.28585019	-184.26903449
1.75	149.0	-8.50960612874	-184.28465358	-184.27109266
1.75	146.0	-9.72152777627	-184.28538809	-184.26989585
1.75	147.0	-9.3124794336	-184.285148	-184.27030762
1.75	148.0	-8.90833821524	-184.28490289	-184.27070655
1.75	153.0	-6.97867747669	-184.28363113	-184.2725099
1.75	150.0	-8.11676635645	-184.2844009	-184.27146601
1.75	151.0	-7.73031463089	-184.2841457	-184.27182666
1.75	152.0	-7.35079061018	-184.28388883	-184.2721746
1.75	157.0	-5.57475674743	-184.28260906	-184.27372512
1.75	154.0	-6.61450233836	-184.28337345	-184.27283257
1.75	155.0	-6.2587860281	-184.28311665	-184.27314264
1.75	156.0	-5.91203055349	-184.28286157	-184.27344015
1.75	161.0	-4.33059993687	-184.28164126	-184.27474001
1.75	158.0	-5.24747916771	-184.28235995	-184.27399756
1.75	159.0	-4.93069354681	-184.28211507	-184.27425751
1.75	160.0	-4.62490189238	-184.28187524	-184.27450499
1.75	165.0	-3.27750094378	-184.28077921	-184.27555618
1.75	162.0	-4.04825203736	-184.28141391	-184.27496261
1.75	163.0	-3.77832255083	-184.28119396	-184.27517282
1.75	164.0	-3.52126328416	-184.28098215	-184.27537066
1.75	169.0	-2.44340276619	-184.28006955	-184.27617574
1.75	166.0	-3.0474559611	-184.28058583	-184.2757294
1.75	167.0	-2.83151739194	-184.28040268	-184.27589037
1.75	168.0	-2.63004919189	-184.28023039	-184.27603914
1.75	173.0	-1.85100869782	-184.27955134	-184.27660157
1.75	170.0	-2.27188559456	-184.27992071	-184.27630023
1.75	171.0	-2.11581143172	-184.27978443	-184.27641267
1.75	172.0	-1.97544383167	-184.27966117	-184.2765131
1.75	177.0	-1.51657750979	-184.2792536	-184.27683678
1.75	174.0	-1.74273820868	-184.27945536	-184.27667813
1.75	175.0	-1.65080806695	-184.27937356	-184.27674283
1.75	176.0	-1.57537514993	-184.27930622	-184.2767957
1.8	93.0	-24.3522192484	-184.28494785	-184.24614012
1.8	90.0	-22.4537959328	-184.28315478	-184.24737238
1.8	91.0	-23.1349072943	-184.28379313	-184.24692531
1.8	92.0	-23.7671858665	-184.28438963	-184.24651421
1.8	97.0	-26.240665163	-184.28686346	-184.2450463
1.8	94.0	-24.8912875595	-184.28547121	-184.24580442
1.8	95.0	-25.3853697145	-184.28596294	-184.24550878
1.8	96.0	-25.8350743977	-184.28642609	-184.24525528
1.8	101.0	-27.4174149031	-184.28840323	-184.2447108
1.8	98.0	-26.6021482856	-184.28727768	-184.24488446
1.8	99.0	-26.9190970589	-184.28767105	-184.24477274
1.8	100.0	-27.191040851	-184.28804564	-184.24471396
1.8	105.0	-27.8666489541	-184.28968999	-184.24528166
1.8	102.0	-27.5978740851	-184.28874535	-184.24476534
1.8	103.0	-27.7324121219	-184.28907323	-184.24487882
1.8	104.0	-27.8215874969	-184.28938787	-184.24505135
1.8	109.0	-27.6534275011	-184.29078137	-184.24671283
1.8	106.0	-27.869479022	-184.28998012	-184.24556728
1.8	107.0	-27.8327885415	-184.2902586	-184.24590423
1.8	108.0	-27.7596021085	-184.29052565	-184.24628791
1.8	113.0	-26.9696680495	-184.29169058	-184.24871168
1.8	110.0	-27.5178728989	-184.29102578	-184.24717326
1.8	111.0	-27.3565151061	-184.29125884	-184.24766346
1.8	112.0	-27.172748949	-184.29148049	-184.24817796
1.8	117.0	-26.0092522096	-184.29240509	-184.25095671
1.8	114.0	-26.7497887207	-184.29188863	-184.24926013
1.8	115.0	-26.5152570451	-184.29207407	-184.24981932
1.8	116.0	-26.2678614247	-184.29224634	-184.25038584
1.8	121.0	-24.8870204949	-184.29289947	-184.25323948
1.8	118.0	-25.7407471697	-184.29254995	-184.25152946
1.8	119.0	-25.4635636733	-184.29268073	-184.25210196
1.8	120.0	-25.1787057358	-184.29279728	-184.25267246
1.8	125.0	-23.6654540264	-184.29316449	-184.25545119
1.8	122.0	-24.5892609621	-184.29298728	-184.2538018
1.8	123.0	-24.2860546468	-184.29306068	-184.25435839
1.8	124.0	-23.9779600324	-184.29311972	-184.25490841
1.8	129.0	-22.3799380647	-184.29320407	-184.25753937
1.8	126.0	-23.3490135357	-184.29319511	-184.25598609
1.8	127.0	-23.0290401665	-184.29321178	-184.25651267
1.8	128.0	-22.7058915993	-184.29321467	-184.25703053
1.8	133.0	-21.0547886029	-184.29303321	-184.25948027
1.8	130.0	-22.0515372429	-184.29318027	-184.25803891
1.8	131.0	-21.7210279893	-184.2931436	-184.25852894
1.8	132.0	-21.3885546309	-184.29309451	-184.25900968
1.8	137.0	-19.7122885035	-184.29267561	-184.26126208
1.8	134.0	-20.7201566119	-184.29296011	-184.25994044
1.8	135.0	-20.3845394309	-184.29287589	-184.26039106
1.8	136.0	-20.048464168	-184.29278088	-184.26083162
1.8	141.0	-18.3736287623	-184.2921627	-184.26288246
1.8	138.0	-19.3763638429	-184.2925606	-184.2616824
1.8	139.0	-19.0410353163	-184.2924364	-184.26209258
1.8	140.0	-18.7066731543	-184.29230358	-184.2624926
1.8	145.0	-17.0621213571	-184.29153072	-184.2643405
1.8	142.0	-18.0422723708	-184.29201436	-184.26326217
1.8	143.0	-17.7129804856	-184.29185917	-184.26363174
1.8	144.0	-17.3861358874	-184.29169775	-184.26399118
1.8	149.0	-15.8021199317	-184.29081931	-184.26563703
1.8	146.0	-16.7413134003	-184.29135872	-184.26467974
1.8	147.0	-16.4241136232	-184.29118238	-184.26500889
1.8	148.0	-16.1109173566	-184.29100237	-184.26532799
1.8	153.0	-14.6189570445	-184.29006977	-184.26677298
1.8	150.0	-15.4981292295	-184.29063388	-184.26593604
1.8	151.0	-15.199334306	-184.29044671	-184.26622503
1.8	152.0	-14.9061367672	-184.29025844	-184.266504
1.8	157.0	-13.5381409568	-184.28932344	-184.26774904
1.8	154.0	-14.3381716436	-184.28988129	-184.26703196
1.8	155.0	-14.0641821707	-184.28969366	-184.26728096
1.8	156.0	-13.7973776814	-184.2895075	-184.26751998
