1.4	92.0	0.69267002	-184.20335968	-184.25182074	
1.4	94.0	0.69343672	-184.20285666	-184.25184020	
1.4	96.0	0.69466668	-184.20207641	-184.25187169	
1.4	108.0	0.71001681	-184.19114535	-184.24964386	
1.4	110.0	0.70579496	-184.18897336	-184.25155844	
1.4	112.0	0.61773968	-184.18727487	-184.27329583	
1.4	114.0	0.61726284	-184.19509942	-184.26998606	
1.4	116.0	0.61803430	-184.20225803	-184.26581017	
1.4	118.0	0.61910406	-184.20856366	-184.26065054	
1.4	120.0	0.62004323	-184.21388367	-184.25428239	
1.4	122.0	0.62082411	-184.21794031	-184.24660563	
1.4	124.0	0.62105837	-184.22060677	-184.23764082	
1.4	126.0	0.62058921	-184.22170448	-184.22722143	
1.4	128.0	0.61923808	-184.22102686	-184.21542056	
1.4	130.0	0.61690000	-184.21837556	-184.20318377	
1.4	132.0	0.61362099	-184.21355761	-184.19493764	
1.4	134.0	0.60940655	-184.20637744	-184.19110144	
1.4	136.0	0.60422827	-184.19670027	-184.18712316	
1.4	138.0	0.59826185	-184.18448060	-184.18321401	
1.4	140.0	0.59173936	-184.16973977	-184.17892173	
1.4	142.0	0.58487374	-184.15256002	-184.17403015	
1.4	144.0	0.57784796	-184.13308268	-184.16845758	
1.4	146.0	0.57081381	-184.11150318	-184.16219075	
1.4	148.0	0.56389339	-184.08806352	-184.15526528	
1.4	150.0	0.55718066	-184.06304397	-184.14775952	
1.4	152.0	0.55065780	-184.03661624	-184.14048166	
1.4	154.0	0.54486853	-184.01296785	-184.13523292	
1.4	156.0	0.53924063	-183.98495080	-184.12643684	
1.4	160.0	0.52907283	-183.92649337	-184.10842042	
1.4	162.0	0.52466697	-183.89826248	-184.09996843	
1.4	172.0	0.50558307	-183.77703918	-184.06911529	
1.4	174.0	0.50287733	-183.76458345	-184.06577204	
1.4	176.0	0.50080218	-183.75464203	-184.06157512	
1.4	178.0	0.49985356	-183.74999859	-184.05992888	
1.4	90.0	0.69233869	-184.20405497	-184.25226587	
1.45	94.0	0.68927901	-184.19327314	-184.25056943	
1.45	96.0	0.69035102	-184.19268078	-184.25061296	
1.45	98.0	0.69180397	-184.19189744	-184.25066251	
1.45	100.0	0.69358409	-184.19092415	-184.25069004	
1.45	102.0	0.69550980	-184.18978492	-184.25073184	
1.45	104.0	0.69695712	-184.18855171	-184.25102859	
1.45	106.0	0.60179773	-184.17746133	-184.28008404	
1.45	108.0	0.60221501	-184.18602277	-184.27892026	
1.45	110.0	0.60362710	-184.19435376	-184.27739362	
1.45	112.0	0.60530839	-184.20233764	-184.27542122	
1.45	114.0	0.60709372	-184.20988835	-184.27291782	
1.45	116.0	0.60891041	-184.21692190	-184.26978764	
1.45	118.0	0.61069602	-184.22335616	-184.26591398	
1.45	120.0	0.61232324	-184.22910776	-184.26109474	
1.45	122.0	0.61392340	-184.23395450	-184.25538918	
1.45	124.0	0.61518315	-184.23783314	-184.24873910	
1.45	126.0	0.61599312	-184.24060167	-184.24108107	
1.45	128.0	0.61620600	-184.24209534	-184.23261244	
1.45	130.0	0.61569651	-184.24214109	-184.22482318	
1.45	132.0	0.61439894	-184.24055900	-184.22378008	
1.45	134.0	0.61224174	-184.23716351	-184.22517127	
1.45	136.0	0.60913194	-184.23179423	-184.22604569	
1.45	138.0	0.60511249	-184.22434789	-184.22661505	
1.45	140.0	0.60033276	-184.21477864	-184.22664685	
1.45	142.0	0.59497369	-184.20309515	-184.22603076	
1.45	144.0	0.58921732	-184.18936005	-184.22472481	
1.45	146.0	0.58323306	-184.17368745	-184.22272576	
1.45	148.0	0.57716863	-184.15623701	-184.22006244	
1.45	150.0	0.57109747	-184.13706858	-184.21741075	
1.45	152.0	0.56518841	-184.11670827	-184.21366513	
1.45	154.0	0.55952610	-184.09527233	-184.20948407	
1.45	156.0	0.55414283	-184.07303549	-184.20500164	
1.45	158.0	0.54950276	-184.05389614	-184.20307559	
1.45	160.0	0.54493668	-184.03065571	-184.19790766	
1.45	162.0	0.54066236	-184.00550080	-184.19229126	
1.45	164.0	0.53685273	-183.98228796	-184.18735753	
1.45	170.0	0.52889637	-183.91452032	-184.17212775	
1.45	172.0	0.52338020	-183.88922345	-184.17070675	
1.45	174.0	0.51986868	-183.87764938	-184.17164765	
1.45	176.0	0.51673900	-183.86697169	-184.17104199	
1.45	178.0	0.51493944	-183.86099334	-184.17050177	
1.45	90.0	0.68855904	-184.19443227	-184.25087429	
1.5	94.0	0.56919473	-184.15600561	-184.27734429	
1.5	96.0	0.57229289	-184.16012976	-184.27796986	
1.5	98.0	0.57597386	-184.16546973	-184.27852013	
1.5	100.0	0.57975993	-184.17170650	-184.27885404	
1.5	102.0	0.58333694	-184.17853523	-184.27892142	
1.5	104.0	0.58658898	-184.18570576	-184.27872087	
1.5	106.0	0.58952477	-184.19302847	-184.27825379	
1.5	108.0	0.59220019	-184.20036237	-184.27750569	
1.5	110.0	0.59467886	-184.20760056	-184.27644513	
1.5	112.0	0.59701635	-184.21465930	-184.27502714	
1.5	114.0	0.59925152	-184.22146990	-184.27319436	
1.5	116.0	0.60138636	-184.22796768	-184.27087123	
1.5	118.0	0.60330776	-184.23410879	-184.26793768	
1.5	120.0	0.60559385	-184.23973164	-184.26431884	
1.5	122.0	0.60766865	-184.24475375	-184.26005215	
1.5	124.0	0.60957673	-184.24912421	-184.25506569	
1.5	126.0	0.61125089	-184.25273461	-184.24935098	
1.5	128.0	0.61258513	-184.25545874	-184.24318199	
1.5	130.0	0.61346289	-184.25714551	-184.23898367	
1.5	132.0	0.61377229	-184.25767295	-184.24373210	
1.5	134.0	0.61339132	-184.25684510	-184.24848364	
1.5	136.0	0.61217619	-184.25451321	-184.25256256	
1.5	138.0	0.61006267	-184.25054462	-184.25618317	
1.5	140.0	0.60709116	-184.24484698	-184.25924878	
1.5	142.0	0.60337265	-184.23737199	-184.26170280	
1.5	144.0	0.59905468	-184.22811799	-184.26351941	
1.5	146.0	0.59429820	-184.21713038	-184.26469475	
1.5	148.0	0.58924848	-184.20449941	-184.26526034	
1.5	150.0	0.58405923	-184.19022887	-184.26578950	
1.5	152.0	0.57883887	-184.17474686	-184.26524292	
1.5	154.0	0.57373165	-184.15812065	-184.26421508	
1.5	156.0	0.56880079	-184.14056653	-184.26279952	
1.5	158.0	0.56410405	-184.12232393	-184.26108906	
1.5	160.0	0.55968663	-184.10365152	-184.25917953	
1.5	162.0	0.55616418	-184.08848243	-184.25962273	
1.5	164.0	0.55264515	-184.06939592	-184.25704875	
1.5	170.0	0.54472796	-184.01162380	-184.24919772	
1.5	172.0	0.54334218	-183.99407347	-184.24685750	
1.5	174.0	0.54243265	-183.97683324	-184.24477268	
1.5	178.0	0.53264793	-183.94550842	-184.24941046	
1.5	90.0	0.68486318	-184.18395077	-184.24775857	
1.5499999999999998	92.0	0.56275804	-184.17992421	-184.27382455	
1.5499999999999998	94.0	0.56405462	-184.18165090	-184.27418074	
1.5499999999999998	96.0	0.56613370	-184.18419617	-184.27427506	
1.5499999999999998	98.0	0.66951622	-184.17270726	-184.25130760	
1.5499999999999998	108.0	0.58314466	-184.21320928	-184.27447454	
1.5499999999999998	110.0	0.58601164	-184.21912616	-184.27383181	
1.5499999999999998	112.0	0.58860064	-184.22506738	-184.27289559	
1.5499999999999998	114.0	0.59114519	-184.23094686	-184.27160540	
1.5499999999999998	116.0	0.59402076	-184.23664655	-184.26988500	
1.5499999999999998	118.0	0.59674910	-184.24205001	-184.26767649	
1.5499999999999998	120.0	0.59919400	-184.24715718	-184.26497909	
1.5499999999999998	122.0	0.60156221	-184.25191699	-184.26175710	
1.5499999999999998	124.0	0.60387360	-184.25625790	-184.25796088	
1.5499999999999998	126.0	0.60610151	-184.26009728	-184.25357613	
1.5499999999999998	128.0	0.60819063	-184.26334111	-184.24888470	
1.5499999999999998	130.0	0.61006008	-184.26588210	-184.24823041	
1.5499999999999998	132.0	0.61160367	-184.26760093	-184.25685621	
1.5499999999999998	134.0	0.61268412	-184.26836198	-184.26362288	
1.5499999999999998	136.0	0.61313889	-184.26802457	-184.26970123	
1.5499999999999998	138.0	0.61282978	-184.26645301	-184.27529509	
1.5499999999999998	140.0	0.61168781	-184.26353089	-184.28037651	
1.5499999999999998	142.0	0.60972388	-184.25917057	-184.28491912	
1.5499999999999998	144.0	0.60701694	-184.25332066	-184.28890693	
1.5499999999999998	146.0	0.60368698	-184.24596953	-184.29233883	
1.5499999999999998	150.0	0.59575419	-184.22681840	-184.29806369	
1.5499999999999998	152.0	0.59139303	-184.21531242	-184.29989636	
1.5499999999999998	154.0	0.58698785	-184.20265607	-184.30124222	
1.5499999999999998	156.0	0.58263202	-184.18901520	-184.30215928	
1.5499999999999998	158.0	0.57840684	-184.17458238	-184.30270854	
1.5499999999999998	160.0	0.57437838	-184.15957513	-184.30295521	
1.5499999999999998	170.0	0.56040018	-184.08719610	-184.30273297	
1.5499999999999998	172.0	0.55933429	-184.07419785	-184.30133730	
1.5499999999999998	174.0	0.55949621	-184.06326264	-184.29922614	
1.5499999999999998	176.0	0.56088190	-184.05601740	-184.29633613	
1.5499999999999998	178.0	0.56247741	-184.05069835	-184.29357550	
1.5999999999999999	92.0	0.55880643	-184.20333571	-184.26920895	
1.5999999999999999	94.0	0.55993262	-184.20437184	-184.26957815	
1.5999999999999999	98.0	0.56457193	-184.20810754	-184.27077032	
1.5999999999999999	102.0	0.56913812	-184.21389650	-184.27127268	
1.5999999999999999	104.0	0.57170126	-184.21745878	-184.27135190	
1.5999999999999999	106.0	0.57435541	-184.22137836	-184.27127084	
1.5999999999999999	108.0	0.57704071	-184.22557845	-184.27100036	
1.5999999999999999	112.0	0.58241456	-184.23451153	-184.26979524	
1.5999999999999999	114.0	0.58506089	-184.23909927	-184.26880434	
1.5999999999999999	116.0	0.58766315	-184.24367857	-184.26751201	
1.5999999999999999	118.0	0.59022958	-184.24818766	-184.26588209	
1.5999999999999999	120.0	0.59277535	-184.25256719	-184.26387249	
1.5999999999999999	122.0	0.59531717	-184.25675787	-184.26143260	
1.5999999999999999	124.0	0.59786472	-184.26069855	-184.25849952	
1.5999999999999999	126.0	0.60041784	-184.26432428	-184.25499534	
1.5999999999999999	128.0	0.60296801	-184.26756458	-184.25108372	
1.5999999999999999	130.0	0.60545858	-184.27033990	-184.25476618	
1.5999999999999999	132.0	0.60786276	-184.27256290	-184.26488723	
1.5999999999999999	134.0	0.61003724	-184.27413193	-184.27269331	
1.5999999999999999	136.0	0.61185109	-184.27493577	-184.27990950	
1.5999999999999999	138.0	0.61313898	-184.27485590	-184.28667919	
1.5999999999999999	140.0	0.61375387	-184.27377502	-184.29299472	
1.5999999999999999	142.0	0.61360295	-184.27158722	-184.29884388	
1.5999999999999999	144.0	0.61266321	-184.26820806	-184.30422337	
1.5999999999999999	148.0	0.60886944	-184.25759375	-184.31391146	
1.5999999999999999	152.0	0.60254274	-184.24213732	-184.32146486	
1.5999999999999999	154.0	0.59903518	-184.23270900	-184.32450804	
1.5999999999999999	156.0	0.59542082	-184.22229444	-184.32712133	
1.5999999999999999	158.0	0.59180609	-184.21104428	-184.32933685	
1.5999999999999999	160.0	0.58828036	-184.19913958	-184.33119181	
1.5999999999999999	162.0	0.58491836	-184.18679504	-184.33272560	
1.5999999999999999	164.0	0.58178303	-184.17426783	-184.33397619	
1.5999999999999999	172.0	0.57246392	-184.13034992	-184.33680648	
1.5999999999999999	174.0	0.57278715	-184.12449961	-184.33819625	
1.5999999999999999	178.0	0.57005051	-184.11839486	-184.33931331	
1.65	94.0	0.55978256	-184.22307232	-184.26528994	
1.65	96.0	0.56056903	-184.22402483	-184.26546881	
1.65	98.0	0.56166094	-184.22530983	-184.26566475	
1.65	100.0	0.56305344	-184.22693108	-184.26586123	
1.65	102.0	0.56473090	-184.22888727	-184.26603673	
1.65	104.0	0.56666438	-184.23116924	-184.26616495	
1.65	106.0	0.56881171	-184.23375753	-184.26621543	
1.65	108.0	0.57112192	-184.23662142	-184.26615537	
1.65	110.0	0.57354247	-184.23971992	-184.26595129	
1.65	112.0	0.57602753	-184.24300435	-184.26557016	
1.65	114.0	0.57854579	-184.24642179	-184.26497991	
1.65	116.0	0.58108286	-184.24991832	-184.26414858	
1.65	118.0	0.58363693	-184.25344077	-184.26304211	
1.65	120.0	0.58621368	-184.25693697	-184.26162065	
1.65	122.0	0.58882229	-184.26035524	-184.25983228	
1.65	124.0	0.59147374	-184.26364347	-184.25759279	
1.65	126.0	0.59418124	-184.26674830	-184.25470160	
1.65	128.0	0.59695127	-184.26961429	-184.25080300	
1.65	130.0	0.59977034	-184.27218188	-184.25975665	
1.65	132.0	0.60264679	-184.27438805	-184.26923168	
1.65	134.0	0.60550457	-184.27616116	-184.27738018	
1.65	136.0	0.60826509	-184.27742198	-184.28512497	
1.65	138.0	0.61079808	-184.27808142	-184.29250267	
1.65	140.0	0.61294260	-184.27804212	-184.29948535	
1.65	142.0	0.61453932	-184.27720303	-184.30605491	
1.65	144.0	0.61554929	-184.27546588	-184.31219718	
1.65	146.0	0.61646362	-184.27267477	-184.31791586	
1.65	148.0	0.61510853	-184.26891382	-184.32362974	
1.65	150.0	0.61374517	-184.26412701	-184.32859294	
1.65	152.0	0.61183491	-184.25828247	-184.33313597	
1.65	154.0	0.60948832	-184.25141939	-184.33727769	
1.65	156.0	0.60684620	-184.24361412	-184.34102219	
1.65	158.0	0.60403895	-184.23497745	-184.34437706	
1.65	160.0	0.60118094	-184.22565531	-184.34735446	
1.65	170.0	0.58905108	-184.17737752	-184.35714983	
1.65	172.0	0.58742400	-184.17029969	-184.35824185	
1.65	174.0	0.58723385	-184.16702136	-184.36114273	
1.7	92.0	0.55772883	-184.23877251	-184.26008755	
1.7	94.0	0.55807154	-184.23913024	-184.26021745	
1.7	96.0	0.55859798	-184.23966998	-184.26035997	
1.7	98.0	0.55932567	-184.24039599	-184.26050922	
1.7	100.0	0.56026476	-184.24131671	-184.26065818	
1.7	102.0	0.56142164	-184.24244162	-184.26079844	
1.7	104.0	0.56279720	-184.24377882	-184.26091924	
1.7	106.0	0.56438576	-184.24533239	-184.26100679	
1.7	108.0	0.56617267	-184.24709999	-184.26104313	
1.7	110.0	0.56813541	-184.24907098	-184.26100592	
1.7	112.0	0.57024515	-184.25122563	-184.26086865	
1.7	114.0	0.57247166	-184.25353558	-184.26060144	
1.7	116.0	0.57478868	-184.25596543	-184.26017187	
1.7	118.0	0.57717825	-184.25847493	-184.25954562	
1.7	120.0	0.57963324	-184.26102126	-184.25868597	
1.7	122.0	0.58215616	-184.26356000	-184.25755180	
1.7	124.0	0.58475550	-184.26604832	-184.25606982	
1.7	126.0	0.58744267	-184.26843995	-184.25403785	
1.7	128.0	0.59023132	-184.27068995	-184.24884192	
1.7	130.0	0.59312934	-184.27275163	-184.26270409	
1.7	132.0	0.59615034	-184.27457724	-184.27094432	
1.7	134.0	0.59928989	-184.27611643	-184.27897113	
1.7	136.0	0.60252555	-184.27731524	-184.28681948	
1.7	142.0	0.61228645	-184.27822641	-184.30856181	
1.7	144.0	0.61579297	-184.27730360	-184.31494235	
1.7	148.0	0.61819799	-184.27344064	-184.32720026	
1.7	150.0	0.61875628	-184.27030688	-184.33257817	
1.7	152.0	0.61857679	-184.26628990	-184.33761161	
1.7	154.0	0.61774857	-184.26138508	-184.34230960	
1.7	156.0	0.61640592	-184.25562505	-184.34666726	
1.7	158.0	0.61469317	-184.24908026	-184.35067592	
1.7	160.0	0.61274808	-184.24186064	-184.35432764	
1.7	168.0	0.60484938	-184.21020656	-184.36529310	
1.7	170.0	0.60324863	-184.20326013	-184.36713267	
1.70	90.0	0.55755607	-184.23862440	-184.25999997	
1.75	92.0	0.55650519	-184.25274309	-184.25545434	
1.75	94.0	0.55674213	-184.25291090	-184.25553674	
1.75	96.0	0.55710400	-184.25317343	-184.25563468	
1.75	98.0	0.55759622	-184.25352874	-184.25573428	
1.75	100.0	0.55822890	-184.25398497	-184.25583630	
1.75	102.0	0.55901280	-184.25454768	-184.25592968	
1.75	104.0	0.55995847	-184.25522799	-184.25601306	
1.75	106.0	0.56107457	-184.25603626	-184.25608262	
1.75	108.0	0.56236546	-184.25698100	-184.25613273	
1.75	110.0	0.56383071	-184.25806674	-184.25615529	
1.75	112.0	0.56546420	-184.25929227	-184.25613833	
1.75	114.0	0.56725400	-184.26064925	-184.25606622	
1.75	116.0	0.56918395	-184.26212164	-184.25591984	
1.75	118.0	0.57123695	-184.26368601	-184.25567867	
1.75	120.0	0.57339866	-184.26531265	-184.25532551	
1.75	122.0	0.57566110	-184.26696731	-184.25485942	
1.75	124.0	0.57802488	-184.26861297	-184.25434117	
1.75	126.0	0.58049911	-184.27021143	-184.25414171	
1.75	128.0	0.58309622	-184.27172411	-184.25632176	
1.75	130.0	0.58583468	-184.27311263	-184.26321823	
1.75	132.0	0.58873292	-184.27433866	-184.27069791	
1.75	134.0	0.59180907	-184.27536410	-184.27835209	
1.75	136.0	0.59507862	-184.27615056	-184.28601847	
1.75	138.0	0.59854728	-184.27665851	-184.29357876	
1.75	140.0	0.60222561	-184.27684101	-184.30093058	
1.75	144.0	0.61015224	-184.27589966	-184.31472640	
1.75	146.0	0.61370635	-184.27486577	-184.32099555	
1.75	148.0	0.61700284	-184.27331149	-184.32679553	
1.75	150.0	0.61971304	-184.27115634	-184.33219749	
1.75	152.0	0.62167082	-184.26833433	-184.33725930	
1.75	154.0	0.62283449	-184.26480244	-184.34202146	
1.75	156.0	0.62326363	-184.26054970	-184.34649986	
1.75	158.0	0.62307930	-184.25560366	-184.35069006	
1.75	160.0	0.62242713	-184.25003478	-184.35457621	
1.75	164.0	0.62028449	-184.23755945	-184.36135900	
1.75	166.0	0.61904467	-184.23107408	-184.36421602	
1.75	168.0	0.61783179	-184.22484351	-184.36669465	
1.75	170.0	0.61669328	-184.21930646	-184.36880654	
1.75	172.0	0.61559740	-184.21491139	-184.37060778	
1.75	174.0	0.61450472	-184.21178799	-184.37215082	
1.75	90.0	0.55641409	-184.25268287	-184.25541714	
1.7999999999999998	92.0	0.55556774	-184.26465961	-184.25164924	
1.7999999999999998	94.0	0.55571712	-184.26470643	-184.25167142	
1.7999999999999998	96.0	0.55595993	-184.26478473	-184.25170151	
1.7999999999999998	98.0	0.55629474	-184.26489669	-184.25173437	
1.7999999999999998	100.0	0.55672461	-184.26504640	-184.25176628	
1.7999999999999998	102.0	0.55725581	-184.26523952	-184.25179424	
1.7999999999999998	104.0	0.55789739	-184.26548305	-184.25181639	
1.7999999999999998	106.0	0.55865976	-184.26578530	-184.25183213	
1.7999999999999998	108.0	0.55955343	-184.26615528	-184.25184183	
1.7999999999999998	110.0	0.56058708	-184.26660143	-184.25184605	
1.7999999999999998	112.0	0.56176640	-184.26712983	-184.25184421	
1.7999999999999998	114.0	0.56309355	-184.26774257	-184.25183440	
1.7999999999999998	116.0	0.56456677	-184.26843644	-184.25181382	
1.7999999999999998	118.0	0.56618031	-184.26920198	-184.25178080	
1.7999999999999998	120.0	0.56792571	-184.27002309	-184.25174188	
1.7999999999999998	122.0	0.56979399	-184.27087734	-184.25172926	
1.7999999999999998	124.0	0.57177869	-184.27173689	-184.25185740	
1.7999999999999998	126.0	0.57387932	-184.27257000	-184.25263490	
1.7999999999999998	128.0	0.57610239	-184.27334267	-184.25605303	
1.7999999999999998	130.0	0.57846379	-184.27402032	-184.26208217	
1.7999999999999998	132.0	0.58098355	-184.27456908	-184.26891599	
1.7999999999999998	134.0	0.58368936	-184.27495633	-184.27607061	
1.7999999999999998	136.0	0.58661137	-184.27515111	-184.28337456	
1.7999999999999998	138.0	0.58977943	-184.27512411	-184.29070586	
1.7999999999999998	140.0	0.59321379	-184.27484508	-184.29796015	
1.7999999999999998	142.0	0.59713079	-184.27419058	-184.30506712	
1.7999999999999998	144.0	0.60135107	-184.27320848	-184.31186334	
1.7999999999999998	148.0	0.61045019	-184.27057323	-184.32403952	
1.7999999999999998	150.0	0.61507789	-184.26870994	-184.32936518	
1.7999999999999998	152.0	0.61937137	-184.26641601	-184.33421178	
1.7999999999999998	154.0	0.62304016	-184.26363718	-184.33866224	
1.7999999999999998	156.0	0.62590463	-184.26033008	-184.34280308	
1.7999999999999998	158.0	0.62793164	-184.25647911	-184.34668903	
1.7999999999999998	160.0	0.62920080	-184.25210961	-184.35033631	
1.7999999999999998	162.0	0.62984754	-184.24729787	-184.35373464	
1.7999999999999998	164.0	0.63002352	-184.24218029	-184.35685901	
1.7999999999999998	166.0	0.62988991	-184.23696591	-184.35966990	
1.7999999999999998	168.0	0.62957852	-184.23195364	-184.36213635	
1.7999999999999998	170.0	0.62913393	-184.22753104	-184.36427350	
1.80	90.0	0.55551682	-184.26464393	-184.25164082	
1.8499999999999999	92.0	0.55484051	-184.27479314	-184.24889108	
1.8499999999999999	94.0	0.55493288	-184.27477112	-184.24886870	
1.8499999999999999	96.0	0.55508832	-184.27473688	-184.24883375	
1.8499999999999999	98.0	0.55530890	-184.27469409	-184.24878938	
1.8499999999999999	100.0	0.55559725	-184.27464757	-184.24873888	
1.8499999999999999	102.0	0.55595636	-184.27460266	-184.24868499	
1.8499999999999999	104.0	0.55639088	-184.27456468	-184.24862932	
1.8499999999999999	106.0	0.55690647	-184.27453884	-184.24857276	
1.8499999999999999	108.0	0.55751177	-184.27453070	-184.24851708	
1.8499999999999999	110.0	0.55821630	-184.27454648	-184.24846610	
1.8499999999999999	112.0	0.55902930	-184.27459243	-184.24842525	
1.8499999999999999	114.0	0.55995811	-184.27467354	-184.24840162	
1.8499999999999999	116.0	0.56100808	-184.27479205	-184.24840535	
1.8499999999999999	118.0	0.56218198	-184.27494619	-184.24845315	
1.8499999999999999	120.0	0.56347990	-184.27512928	-184.24858105	
1.8499999999999999	122.0	0.56489924	-184.27532905	-184.24887999	
1.8499999999999999	124.0	0.56643562	-184.27552753	-184.24960309	
1.8499999999999999	126.0	0.56808516	-184.27570131	-184.25137190	
1.8499999999999999	128.0	0.56984524	-184.27582249	-184.25491558	
1.8499999999999999	132.0	0.57371667	-184.27578125	-184.26605374	
1.8499999999999999	134.0	0.57585874	-184.27555377	-184.27254534	
1.8499999999999999	136.0	0.57817327	-184.27514663	-184.27931648	
1.8499999999999999	140.0	0.58346558	-184.27368282	-184.29321365	
1.8499999999999999	142.0	0.58650332	-184.27257661	-184.30014428	
1.8499999999999999	146.0	0.59415699	-184.26926331	-184.31350409	
1.8499999999999999	148.0	0.59872000	-184.26733578	-184.31957974	
1.8499999999999999	150.0	0.60386191	-184.26513789	-184.32513936	
1.8499999999999999	152.0	0.60952846	-184.26266857	-184.33006793	
1.8499999999999999	154.0	0.61548985	-184.25992161	-184.33431363	
1.8499999999999999	156.0	0.62132177	-184.25687952	-184.33793778	
1.8499999999999999	158.0	0.62654517	-184.25351802	-184.34110109	
1.8499999999999999	160.0	0.63083462	-184.24982505	-184.34397655	
1.8499999999999999	162.0	0.63410859	-184.24582620	-184.34666925	
1.8499999999999999	164.0	0.63649169	-184.24160467	-184.34919050	
1.85	90.0	0.55480987	-184.27480073	-184.24889878	
1.9	92.0	0.55427458	-184.28338927	-184.24717195	
1.9	94.0	0.55433213	-184.28333065	-184.24712364	
1.9	96.0	0.55442982	-184.28323446	-184.24704631	
1.9	98.0	0.55457020	-184.28310311	-184.24694471	
1.9	100.0	0.55475657	-184.28294018	-184.24682508	
1.9	102.0	0.55499267	-184.28275016	-184.24669511	
1.9	104.0	0.55528186	-184.28253792	-184.24656233	
1.9	106.0	0.55562738	-184.28230798	-184.24643334	
1.9	108.0	0.55603312	-184.28206391	-184.24631346	
1.9	110.0	0.55650446	-184.28180869	-184.24620846	
1.9	112.0	0.55704867	-184.28154543	-184.24612697	
1.9	114.0	0.55767370	-184.28127749	-184.24608326	
1.9	116.0	0.55838654	-184.28100770	-184.24610035	
1.9	118.0	0.55919273	-184.28073700	-184.24621661	
1.9	120.0	0.56009590	-184.28046334	-184.24650263	
1.9	122.0	0.56109776	-184.28018066	-184.24709349	
1.9	124.0	0.56219827	-184.27987838	-184.24823255	
1.9	126.0	0.56339542	-184.27954095	-184.25025764	
1.9	128.0	0.56468605	-184.27914789	-184.25341443	
1.9	130.0	0.56606731	-184.27867419	-184.25764976	
1.9	132.0	0.56753838	-184.27809123	-184.26271005	
1.9	134.0	0.56910228	-184.27736785	-184.26834503	
1.9	136.0	0.57076866	-184.27647189	-184.27437518	
1.9	138.0	0.57255457	-184.27537172	-184.28067226	
1.9	140.0	0.57448658	-184.27403742	-184.28713455	
1.9	142.0	0.57659926	-184.27244219	-184.29367318	
1.9	146.0	0.58164324	-184.26821569	-184.30674518	
1.9	152.0	0.59329198	-184.25959450	-184.32457167	
1.9	154.0	0.59874800	-184.25626543	-184.32951491	
1.9	156.0	0.60544364	-184.25272161	-184.33362325	
1.9	158.0	0.61325025	-184.24902147	-184.33670726	
1.9	160.0	0.62117312	-184.24521708	-184.33891521	
1.9	162.0	0.62885822	-184.24134090	-184.34035953	
1.9	164.0	0.63595075	-184.23744665	-184.34123807	
1.9	166.0	0.64175751	-184.23363383	-184.34195720	
1.9	168.0	0.64602715	-184.23007767	-184.34276699	
1.9	170.0	0.64881808	-184.22703988	-184.34376077	
1.9	90.0	0.55425558	-184.28340895	-184.24718838	
1.95	92.0	0.55383659	-184.29066358	-184.24632629	
1.95	94.0	0.55387242	-184.29058758	-184.24626579	
1.95	96.0	0.55393326	-184.29046146	-184.24616754	
1.95	98.0	0.55402086	-184.29028623	-184.24603582	
1.95	100.0	0.55413765	-184.29006361	-184.24587669	
1.95	102.0	0.55428673	-184.28979614	-184.24569827	
1.95	104.0	0.55447163	-184.28948705	-184.24551056	
1.95	106.0	0.55469582	-184.28913997	-184.24532510	
1.95	108.0	0.55496214	-184.28875822	-184.24515391	
1.95	110.0	0.55527274	-184.28834412	-184.24500901	
1.95	112.0	0.55563050	-184.28789869	-184.24490381	
1.95	114.0	0.55603973	-184.28742232	-184.24485702	
1.95	116.0	0.55650621	-184.28691553	-184.24489864	
1.95	118.0	0.55703559	-184.28637869	-184.24507775	
1.95	120.0	0.55763254	-184.28581107	-184.24547188	
1.95	122.0	0.55829972	-184.28520970	-184.24619817	
1.95	124.0	0.55903845	-184.28456845	-184.24741379	
1.95	126.0	0.55984821	-184.28387743	-184.24928531	
1.95	128.0	0.56072702	-184.28312256	-184.25192340	
1.95	130.0	0.56167176	-184.28228550	-184.25533473	
1.95	132.0	0.56267779	-184.28134376	-184.25943813	
1.95	134.0	0.56374077	-184.28027120	-184.26411403	
1.95	136.0	0.56485766	-184.27903884	-184.26924201	
1.95	138.0	0.56602742	-184.27761584	-184.27471460	
1.95	140.0	0.56725258	-184.27597084	-184.28043749	
1.95	142.0	0.56854014	-184.27407297	-184.28632646	
1.95	144.0	0.56990275	-184.27189308	-184.29230518	
1.95	146.0	0.57135952	-184.26940449	-184.29830357	
1.95	148.0	0.57287270	-184.26640715	-184.30440099	
1.95	150.0	0.57464260	-184.26321104	-184.31023032	
1.95	154.0	0.57963249	-184.25544915	-184.32139526	
1.95	156.0	0.58272951	-184.25119467	-184.32649656	
1.95	158.0	0.58670938	-184.24660923	-184.33117698	
1.95	160.0	0.59229888	-184.24174158	-184.33520487	
1.95	162.0	0.60126594	-184.23671078	-184.33794724	
1.95	164.0	0.61696265	-184.23181576	-184.33762598	
1.95	166.0	0.63480959	-184.22750589	-184.33441406	
1.95	168.0	0.64675542	-184.22389568	-184.33207933	
1.95	170.0	0.65400639	-184.22102123	-184.33108755	
1.95	172.0	0.65773477	-184.21898041	-184.33126505	
1.95	174.0	0.65880870	-184.21768484	-184.33232477	
1.95	176.0	0.65867022	-184.21680132	-184.33355584	
1.95	90.0	0.55382470	-184.29068895	-184.24634673	
2.0	92.0	0.55350023	-184.29680343	-184.24613270	
2.0	94.0	0.55352219	-184.29672154	-184.24606874	
2.0	96.0	0.55355944	-184.29658497	-184.24596442	
2.0	98.0	0.55361297	-184.29639380	-184.24582317	
2.0	100.0	0.55368435	-184.29614840	-184.24565022	
2.0	102.0	0.55377538	-184.29584955	-184.24545272	
2.0	104.0	0.55388861	-184.29549852	-184.24524027	
2.0	106.0	0.55402692	-184.29509712	-184.24502514	
2.0	108.0	0.55419332	-184.29464748	-184.24482241	
2.0	110.0	0.55439033	-184.29415166	-184.24464979	
2.0	112.0	0.55461945	-184.29361087	-184.24452741	
2.0	114.0	0.55488153	-184.29302496	-184.24447888	
2.0	116.0	0.55517823	-184.29239244	-184.24453488	
2.0	118.0	0.55551286	-184.29171140	-184.24473944	
2.0	120.0	0.55588921	-184.29097998	-184.24515517	
2.0	122.0	0.55631049	-184.29019582	-184.24586429	
2.0	124.0	0.55677840	-184.28935506	-184.24696153	
2.0	126.0	0.55729311	-184.28845143	-184.24853754	
2.0	128.0	0.55785281	-184.28747569	-184.25065672	
2.0	130.0	0.55845437	-184.28641516	-184.25334301	
2.0	132.0	0.55909306	-184.28525364	-184.25658055	
2.0	134.0	0.55976304	-184.28397138	-184.26032365	
2.0	136.0	0.56045625	-184.28254546	-184.26450883	
2.0	138.0	0.56116517	-184.28095028	-184.26906434	
2.0	140.0	0.56188136	-184.27915844	-184.27391558	
2.0	142.0	0.56259712	-184.27714154	-184.27898816	
2.0	144.0	0.56330487	-184.27487147	-184.28420990	
2.0	146.0	0.56399724	-184.27232115	-184.28951185	
2.0	148.0	0.56466648	-184.26946545	-184.29482917	
2.0	150.0	0.56530340	-184.26628189	-184.30010183	
2.0	152.0	0.56587761	-184.26275035	-184.30527445	
2.0	154.0	0.56636763	-184.25843310	-184.31049098	
2.0	158.0	0.56770025	-184.24926830	-184.31992640	
2.0	160.0	0.56816702	-184.24421597	-184.32418996	
2.0	162.0	0.56845018	-184.23880098	-184.32813731	
2.0	166.0	0.56793563	-184.22694850	-184.33488907	
2.0	168.0	0.56651307	-184.22058252	-184.33752748	
2.0	170.0	0.64825629	-184.21285208	-184.32166883	
2.0	172.0	0.66140196	-184.21059201	-184.31741846	
2.0	174.0	0.66492841	-184.20935828	-184.31728567	
2.0	176.0	0.66537889	-184.20860963	-184.31823801	
2.0	178.0	0.66583627	-184.20806702	-184.31870902	
2.0	90.0	0.55349296	-184.29683071	-184.24615420	
2.05	92.0	0.55324396	-184.30197163	-184.24638070	
2.05	94.0	0.55325730	-184.30189062	-184.24631865	
2.05	96.0	0.55327905	-184.30175524	-184.24621703	
2.05	98.0	0.55331067	-184.30156489	-184.24607888	
2.05	100.0	0.55335264	-184.30131915	-184.24590849	
2.05	102.0	0.55340604	-184.30101771	-184.24571211	
2.05	104.0	0.55347234	-184.30066042	-184.24549816	
2.05	106.0	0.55355322	-184.30024743	-184.24527775	
2.05	108.0	0.55365083	-184.29977922	-184.24506532	
2.05	110.0	0.55376750	-184.29925658	-184.24487923	
2.05	112.0	0.55390526	-184.29868030	-184.24474191	
2.05	114.0	0.55406535	-184.29805070	-184.24467999	
2.05	116.0	0.55424783	-184.29736692	-184.24472431	
2.05	118.0	0.55445211	-184.29662657	-184.24491107	
2.05	120.0	0.55467890	-184.29582615	-184.24528392	
2.05	122.0	0.55493019	-184.29496205	-184.24589520	
2.05	124.0	0.55520780	-184.29403048	-184.24680220	
2.05	126.0	0.55551249	-184.29302694	-184.24805958	
2.05	128.0	0.55584325	-184.29194533	-184.24971062	
2.05	130.0	0.55619763	-184.29077731	-184.25178177	
2.05	132.0	0.55657136	-184.28951196	-184.25428059	
2.05	134.0	0.55695855	-184.28813565	-184.25719649	
2.05	136.0	0.55735143	-184.28663204	-184.26050323	
2.05	138.0	0.55774105	-184.28498238	-184.26416156	
2.05	140.0	0.55811749	-184.28316599	-184.26812233	
2.05	142.0	0.55846765	-184.28116093	-184.27232885	
2.05	144.0	0.55877945	-184.27894491	-184.27672009	
2.05	146.0	0.55903794	-184.27649637	-184.28123265	
2.05	148.0	0.55922774	-184.27379539	-184.28580261	
2.05	150.0	0.55933070	-184.27082515	-184.29036737	
2.05	156.0	0.55886469	-184.26019839	-184.30343151	
2.05	158.0	0.55808099	-184.25562976	-184.30758631	
2.05	160.0	0.55738842	-184.25119643	-184.31122234	
2.05	162.0	0.55482421	-184.24650879	-184.31405159	
2.05	164.0	0.55515617	-184.24140869	-184.31745198	
2.05	166.0	0.55360935	-184.23644365	-184.31985648	
2.05	168.0	0.55158826	-184.23150096	-184.32169836	
2.05	170.0	0.54924483	-184.22673860	-184.32296543	
2.05	172.0	0.54676349	-184.22236184	-184.32368232	
2.05	174.0	0.66733391	-184.19912462	-184.30273808	
2.05	176.0	0.66910405	-184.19840286	-184.30301650	
2.05	178.0	0.54126154	-184.21389840	-184.32387160	
2.1	92.0	0.55305009	-184.30630998	-184.24689924	
2.1	94.0	0.55305736	-184.30623368	-184.24684184	
2.1	96.0	0.55306963	-184.30610594	-184.24674771	
2.1	98.0	0.55308734	-184.30592600	-184.24661934	
2.1	100.0	0.55311029	-184.30569288	-184.24646045	
2.1	102.0	0.55313959	-184.30540565	-184.24627645	
2.1	104.0	0.55317576	-184.30506333	-184.24607450	
2.1	106.0	0.55321967	-184.30466504	-184.24586420	
2.1	108.0	0.55327254	-184.30421003	-184.24565812	
2.1	110.0	0.55333562	-184.30369774	-184.24547236	
2.1	112.0	0.55341051	-184.30312783	-184.24532711	
2.1	114.0	0.55349875	-184.30250007	-184.24524684	
2.1	116.0	0.55360127	-184.30181398	-184.24525987	
2.1	118.0	0.55371791	-184.30106832	-184.24539733	
2.1	120.0	0.55384741	-184.30026048	-184.24569152	
2.1	122.0	0.55398812	-184.29938644	-184.24617585	
2.1	124.0	0.55413984	-184.29844150	-184.24688428	
2.1	126.0	0.55430309	-184.29742093	-184.24785029	
2.1	128.0	0.55447800	-184.29631981	-184.24910394	
2.1	130.0	0.55466312	-184.29513244	-184.25066885	
2.1	132.0	0.55485548	-184.29385178	-184.25255973	
2.1	134.0	0.55505055	-184.29246899	-184.25478103	
2.1	136.0	0.55524221	-184.29097346	-184.25732657	
2.1	138.0	0.55542267	-184.28935284	-184.26017922	
2.1	140.0	0.55558281	-184.28759336	-184.26331168	
2.1	142.0	0.55571174	-184.28568029	-184.26668713	
2.1	144.0	0.55579744	-184.28359862	-184.27026084	
2.1	146.0	0.55582685	-184.28133401	-184.27398198	
2.1	148.0	0.55578661	-184.27887385	-184.27779559	
2.1	150.0	0.55565949	-184.27620848	-184.28164408	
2.1	152.0	0.55543073	-184.27333258	-184.28546953	
2.1	156.0	0.55460080	-184.26695923	-184.29282264	
2.1	160.0	0.55316700	-184.25986136	-184.29941608	
2.1	162.0	0.55219063	-184.25612377	-184.30230175	
2.1	166.0	0.54688743	-184.24849688	-184.30588390	
2.1	168.0	0.54788406	-184.24431005	-184.30893854	
2.1	170.0	0.54644850	-184.24084863	-184.31032856	
2.1	172.0	0.54502361	-184.23775956	-184.31133879	
2.1	174.0	0.54368572	-184.23517682	-184.31199296	
2.1	178.0	0.67004600	-184.18643987	-184.28910690	
2.15	92.0	0.55290453	-184.30994139	-184.24756101	
2.15	94.0	0.55290810	-184.30987180	-184.24750949	
2.15	96.0	0.55291410	-184.30975516	-184.24742497	
2.15	98.0	0.55292262	-184.30959057	-184.24730958	
2.15	100.0	0.55293392	-184.30937692	-184.24716651	
2.15	102.0	0.55294781	-184.30911293	-184.24700023	
2.15	104.0	0.55296492	-184.30879717	-184.24681686	
2.15	106.0	0.55298556	-184.30842822	-184.24662446	
2.15	108.0	0.55301015	-184.30800463	-184.24643350	
2.15	110.0	0.55303929	-184.30752499	-184.24625725	
2.15	112.0	0.55307375	-184.30698804	-184.24611220	
2.15	114.0	0.55311436	-184.30639263	-184.24601816	
2.15	116.0	0.55316205	-184.30573772	-184.24599798	
2.15	118.0	0.55321744	-184.30502225	-184.24607677	
2.15	120.0	0.55328044	-184.30424469	-184.24628010	
2.15	122.0	0.55334979	-184.30340261	-184.24663290	
2.15	124.0	0.55342301	-184.30249231	-184.24715785	
2.15	126.0	0.55349782	-184.30150897	-184.24787567	
2.15	128.0	0.55357320	-184.30044747	-184.24880584	
2.15	130.0	0.55364846	-184.29930278	-184.24996613	
2.15	132.0	0.55372229	-184.29806979	-184.25137117	
2.15	134.0	0.55379184	-184.29674286	-184.25303061	
2.15	136.0	0.55385294	-184.29531555	-184.25494754	
2.15	138.0	0.55390013	-184.29378043	-184.25711759	
2.15	140.0	0.55392654	-184.29212936	-184.25952828	
2.15	142.0	0.55392427	-184.29035374	-184.26215883	
2.15	144.0	0.55388421	-184.28844506	-184.26498046	
2.15	146.0	0.55379661	-184.28639558	-184.26795731	
2.15	148.0	0.55365084	-184.28419922	-184.27104742	
2.15	150.0	0.55343629	-184.28185254	-184.27420450	
2.15	152.0	0.55314275	-184.27935599	-184.27737932	
2.15	154.0	0.55276076	-184.27671518	-184.28052148	
2.15	156.0	0.55228269	-184.27394225	-184.28358093	
2.15	158.0	0.55170374	-184.27105733	-184.28650951	
2.15	160.0	0.55102373	-184.26808987	-184.28926224	
2.15	162.0	0.55024793	-184.26507986	-184.29179864	
2.15	164.0	0.54938989	-184.26207857	-184.29408455	
2.15	166.0	0.54847352	-184.25914871	-184.29609402	
2.15	168.0	0.54752996	-184.25636346	-184.29780979	
2.15	170.0	0.54660280	-184.25380367	-184.29922552	
2.15	172.0	0.54574045	-184.25155437	-184.30034545	
2.15	174.0	0.54499468	-184.24969884	-184.30118296	
2.15	176.0	0.54441552	-184.24831207	-184.30175760	
2.15	178.0	0.54404649	-184.24745401	-184.30209059	
2.2	92.0	0.55279619	-184.31297231	-184.24827723	
2.2	96.0	0.55279946	-184.31280619	-184.24815785	
2.2	98.0	0.55280231	-184.31265917	-184.24805646	
2.2	100.0	0.55280595	-184.31246801	-184.24793058	
2.2	102.0	0.55281042	-184.31223133	-184.24778394	
2.2	104.0	0.55281582	-184.31194757	-184.24762163	
2.2	106.0	0.55282198	-184.31161501	-184.24745030	
2.2	108.0	0.55282921	-184.31123191	-184.24727844	
2.2	110.0	0.55283750	-184.31079647	-184.24711667	
2.2	112.0	0.55284712	-184.31030688	-184.24697786	
2.2	114.0	0.55285828	-184.30976141	-184.24687720	
2.2	116.0	0.55287131	-184.30915843	-184.24683189	
2.2	118.0	0.55288663	-184.30849641	-184.24686064	
2.2	120.0	0.55290442	-184.30777385	-184.24698259	
2.2	122.0	0.55292456	-184.30698907	-184.24721699	
2.2	124.0	0.55294604	-184.30613992	-184.24758156	
2.2	126.0	0.55296672	-184.30522335	-184.24809228	
2.2	128.0	0.55298365	-184.30423536	-184.24876298	
2.2	130.0	0.55299388	-184.30317121	-184.24960593	
2.2	132.0	0.55299603	-184.30202618	-184.25063201	
2.2	134.0	0.55298859	-184.30079588	-184.25185030	
2.2	136.0	0.55296923	-184.29947609	-184.25326682	
2.2	138.0	0.55293484	-184.29806265	-184.25488323	
2.2	140.0	0.55288097	-184.29655131	-184.25669562	
2.2	142.0	0.55280239	-184.29493794	-184.25869392	
2.2	144.0	0.55269318	-184.29321881	-184.26086146	
2.2	146.0	0.55254664	-184.29139112	-184.26317521	
2.2	148.0	0.55235616	-184.28945368	-184.26560618	
2.2	150.0	0.55211498	-184.28740758	-184.26812042	
2.2	152.0	0.55181696	-184.28525713	-184.27067995	
2.2	154.0	0.55145728	-184.28301077	-184.27324419	
2.2	156.0	0.55103275	-184.28068201	-184.27577149	
2.2	158.0	0.55054305	-184.27829038	-184.27822066	
2.2	160.0	0.54999129	-184.27586220	-184.28055230	
2.2	162.0	0.54938511	-184.27343109	-184.28273040	
2.2	164.0	0.54873712	-184.27103811	-184.28472351	
2.2	166.0	0.54806553	-184.26873131	-184.28650599	
2.2	168.0	0.54739385	-184.26656464	-184.28805915	
2.2	170.0	0.54675052	-184.26459548	-184.28937068	
2.2	172.0	0.54616539	-184.26288245	-184.29043552	
2.2	174.0	0.54566995	-184.26148134	-184.29125463	
2.2	176.0	0.54529263	-184.26044128	-184.29183278	
2.2	178.0	0.54505630	-184.25980079	-184.29217620	
2.25	92.0	0.55271637	-184.31549458	-184.24898937	
2.25	94.0	0.55271616	-184.31544021	-184.24895037	
2.25	96.0	0.55271577	-184.31534897	-184.24888633	
2.25	98.0	0.55271515	-184.31521995	-184.24879876	
2.25	100.0	0.55271421	-184.31505199	-184.24868991	
2.25	102.0	0.55271288	-184.31484371	-184.24856290	
2.25	104.0	0.55271106	-184.31459352	-184.24842189	
2.25	106.0	0.55270870	-184.31429970	-184.24827230	
2.25	108.0	0.55270551	-184.31396040	-184.24812088	
2.25	110.0	0.55270151	-184.31357367	-184.24797596	
2.25	112.0	0.55269651	-184.31313754	-184.24784736	
2.25	114.0	0.55269035	-184.31265003	-184.24774645	
2.25	116.0	0.55268301	-184.31210919	-184.24768570	
2.25	118.0	0.55267437	-184.31151313	-184.24767861	
2.25	120.0	0.55266438	-184.31086010	-184.24773890	
2.25	122.0	0.55265303	-184.31014839	-184.24788057	
2.25	124.0	0.55263991	-184.30937630	-184.24811696	
2.25	126.0	0.55262427	-184.30854194	-184.24846111	
2.25	128.0	0.55260449	-184.30764302	-184.24892489	
2.25	130.0	0.55257794	-184.30667658	-184.24951862	
2.25	132.0	0.55254174	-184.30563912	-184.25025095	
2.25	134.0	0.55249289	-184.30452683	-184.25112885	
2.25	136.0	0.55242951	-184.30333625	-184.25215745	
2.25	138.0	0.55234974	-184.30206455	-184.25333968	
2.25	140.0	0.55225139	-184.30070959	-184.25467537	
2.25	142.0	0.55213161	-184.29926991	-184.25616047	
2.25	144.0	0.55198692	-184.29774491	-184.25778624	
2.25	146.0	0.55181372	-184.29613498	-184.25953884	
2.25	148.0	0.55160768	-184.29444210	-184.26139953	
2.25	150.0	0.55136505	-184.29267020	-184.26334490	
2.25	152.0	0.55108293	-184.29082584	-184.26534761	
2.25	154.0	0.55075903	-184.28891878	-184.26737710	
2.25	156.0	0.55039270	-184.28696257	-184.26940082	
2.25	158.0	0.54998529	-184.28497514	-184.27138535	
2.25	160.0	0.54954078	-184.28297913	-184.27329772	
2.25	164.0	0.54857125	-184.27907652	-184.27678355	
2.25	166.0	0.54806986	-184.27723889	-184.27830384	
2.25	168.0	0.54757826	-184.27552909	-184.27964730	
2.25	170.0	0.54711507	-184.27398861	-184.28079870	
2.25	172.0	0.54670014	-184.27265868	-184.28174764	
2.25	174.0	0.54635285	-184.27157784	-184.28248802	
2.25	176.0	0.54609067	-184.27077949	-184.28301715	
2.3	92.0	0.55265828	-184.31758719	-184.24966101	
2.3	94.0	0.55265723	-184.31754022	-184.24962784	
2.3	96.0	0.55265543	-184.31746134	-184.24957338	
2.3	98.0	0.55265278	-184.31734973	-184.24949886	
2.3	100.0	0.55264919	-184.31720429	-184.24940614	
2.3	102.0	0.55264452	-184.31702368	-184.24929780	
2.3	104.0	0.55263861	-184.31680641	-184.24917722	
2.3	106.0	0.55263127	-184.31655081	-184.24904872	
2.3	108.0	0.55262227	-184.31625507	-184.24891764	
2.3	110.0	0.55261139	-184.31591731	-184.24879038	
2.3	112.0	0.55259826	-184.31553555	-184.24867440	
2.3	114.0	0.55258259	-184.31510777	-184.24857803	
2.3	116.0	0.55256409	-184.31463198	-184.24851024	
2.3	118.0	0.55254236	-184.31410619	-184.24848058	
2.3	120.0	0.55251712	-184.31352850	-184.24849871	
2.3	122.0	0.55248802	-184.31289710	-184.24857441	
2.3	124.0	0.55245468	-184.31221029	-184.24871747	
2.3	126.0	0.55241665	-184.31146648	-184.24893743	
2.3	128.0	0.55237325	-184.31066410	-184.24924382	
2.3	130.0	0.55232338	-184.30980149	-184.24964555	
2.3	132.0	0.55226507	-184.30887676	-184.25015077	
2.3	134.0	0.55219588	-184.30788776	-184.25076603	
2.3	136.0	0.55211320	-184.30683221	-184.25149621	
2.3	138.0	0.55201420	-184.30570804	-184.25234404	
2.3	140.0	0.55189720	-184.30451382	-184.25331019	
2.3	142.0	0.55176055	-184.30324916	-184.25439276	
2.3	144.0	0.55160277	-184.30191486	-184.25558721	
2.3	146.0	0.55142194	-184.30051301	-184.25688539	
2.3	148.0	0.55121632	-184.29904725	-184.25827560	
2.3	150.0	0.55098426	-184.29752299	-184.25974242	
2.3	152.0	0.55072469	-184.29594787	-184.26126692	
2.3	154.0	0.55043672	-184.29433186	-184.26282709	
2.3	156.0	0.55012141	-184.29268785	-184.26439869	
2.3	158.0	0.54978087	-184.29103184	-184.26595592	
2.3	160.0	0.54941878	-184.28938309	-184.26747243	
2.3	162.0	0.54904100	-184.28776417	-184.26892232	
2.3	164.0	0.54865539	-184.28620065	-184.27028105	
2.3	168.0	0.54790179	-184.28335406	-184.27263881	
2.3	170.0	0.54755794	-184.28213126	-184.27360239	
2.3	172.0	0.54725356	-184.28108195	-184.27440461	
2.3	174.0	0.54700113	-184.28023345	-184.27503623	
2.3	178.0	0.54669455	-184.27922703	-184.27576528	
2.35	92.0	0.55261666	-184.31931789	-184.25027179	
2.35	94.0	0.55261516	-184.31927780	-184.25024397	
2.35	96.0	0.55261261	-184.31921044	-184.25019825	
2.35	98.0	0.55260889	-184.31911506	-184.25013567	
2.35	100.0	0.55260391	-184.31899065	-184.25005777	
2.35	102.0	0.55259750	-184.31883597	-184.24996665	
2.35	104.0	0.55258947	-184.31864965	-184.24986503	
2.35	106.0	0.55257960	-184.31843012	-184.24975637	
2.35	108.0	0.55256762	-184.31817572	-184.24964478	
2.35	110.0	0.55255323	-184.31788467	-184.24953521	
2.35	112.0	0.55253607	-184.31755511	-184.24943315	
2.35	114.0	0.55251575	-184.31718513	-184.24934467	
2.35	116.0	0.55249186	-184.31677281	-184.24927625	
2.35	118.0	0.55246390	-184.31631624	-184.24923455	
2.35	120.0	0.55243143	-184.31581355	-184.24922632	
2.35	124.0	0.55235087	-184.31466279	-184.24933745	
2.35	126.0	0.55230180	-184.31401151	-184.24947064	
2.35	128.0	0.55224611	-184.31330776	-184.24966482	
2.35	130.0	0.55218312	-184.31255029	-184.24992684	
2.35	132.0	0.55211199	-184.31173806	-184.25026332	
2.35	134.0	0.55203148	-184.31087007	-184.25068035	
2.35	136.0	0.55193998	-184.30994541	-184.25118292	
2.35	138.0	0.55183535	-184.30896331	-184.25177448	
2.35	140.0	0.55171552	-184.30792337	-184.25245670	
2.35	142.0	0.55157872	-184.30682579	-184.25322911	
2.35	144.0	0.55142337	-184.30567181	-184.25408879	
2.35	146.0	0.55124869	-184.30446393	-184.25503081	
2.35	148.0	0.55105410	-184.30320621	-184.25604752	
2.35	150.0	0.55083939	-184.30190442	-184.25712867	
2.35	152.0	0.55060467	-184.30056617	-184.25826138	
2.35	154.0	0.55035063	-184.29920106	-184.25943024	
2.35	156.0	0.55007870	-184.29782088	-184.26061768	
2.35	158.0	0.54979128	-184.29643963	-184.26180449	
2.35	160.0	0.54949193	-184.29507364	-184.26297046	
2.35	162.0	0.54918548	-184.29374136	-184.26409509	
2.35	164.0	0.54887804	-184.29246321	-184.26515833	
2.35	166.0	0.54857692	-184.29126106	-184.26614130	
2.35	168.0	0.54829039	-184.29015764	-184.26702685	
2.35	170.0	0.54802731	-184.28917572	-184.26780006	
2.35	172.0	0.54779665	-184.28833713	-184.26844851	
2.35	174.0	0.54760691	-184.28766174	-184.26896237	
2.35	178.0	0.54737824	-184.28686374	-184.26955944	
2.4	92.0	0.55258741	-184.32074463	-184.25081227	
2.4	94.0	0.55258572	-184.32071079	-184.25078919	
2.4	96.0	0.55258284	-184.32065390	-184.25075135	
2.4	98.0	0.55257868	-184.32057329	-184.25069951	
2.4	100.0	0.55257311	-184.32046802	-184.25063496	
2.4	102.0	0.55256598	-184.32033701	-184.25055941	
2.4	104.0	0.55255709	-184.32017897	-184.25047509	
2.4	106.0	0.55254622	-184.31999252	-184.25038461	
2.4	108.0	0.55253308	-184.31977612	-184.25029122	
2.4	110.0	0.55251736	-184.31952817	-184.25019866	
2.4	112.0	0.55249871	-184.31924698	-184.25011101	
2.4	114.0	0.55247671	-184.31893079	-184.25003261	
2.4	116.0	0.55245091	-184.31857786	-184.24996807	
2.4	118.0	0.55242084	-184.31818640	-184.24992205	
2.4	120.0	0.55238597	-184.31775470	-184.24989924	
2.4	122.0	0.55234577	-184.31728109	-184.24990436	
2.4	124.0	0.55229966	-184.31676400	-184.24994213	
2.4	126.0	0.55224707	-184.31620201	-184.25001747	
2.4	128.0	0.55218742	-184.31559386	-184.25013534	
2.4	130.0	0.55212010	-184.31493852	-184.25030071	
2.4	132.0	0.55204441	-184.31423517	-184.25051840	
2.4	134.0	0.55195977	-184.31348327	-184.25079320	
2.4	136.0	0.55186531	-184.31268260	-184.25112935	
2.4	138.0	0.55176005	-184.31183326	-184.25153035	
2.4	140.0	0.55164275	-184.31093577	-184.25199849	
2.4	142.0	0.55151207	-184.30999118	-184.25253470	
2.4	144.0	0.55136685	-184.30900127	-184.25313809	
2.4	146.0	0.55120612	-184.30796879	-184.25380570	
2.4	148.0	0.55102946	-184.30689768	-184.25453265	
2.4	150.0	0.55083692	-184.30579330	-184.25531205	
2.4	152.0	0.55062907	-184.30466262	-184.25613494	
2.4	154.0	0.55040720	-184.30351428	-184.25699047	
2.4	156.0	0.55017314	-184.30235861	-184.25786606	
2.4	158.0	0.54992942	-184.30120768	-184.25874765	
2.4	160.0	0.54967931	-184.30007516	-184.25962014	
2.4	162.0	0.54942690	-184.29897622	-184.26046785	
2.4	164.0	0.54917707	-184.29792726	-184.26127506	
2.4	166.0	0.54893539	-184.29694549	-184.26202653	
2.4	168.0	0.54870797	-184.29604851	-184.26270806	
2.4	170.0	0.54850120	-184.29525366	-184.26330683	
2.4	172.0	0.54832141	-184.29457735	-184.26381182	
2.4	174.0	0.54817450	-184.29403434	-184.26421391	
2.4	176.0	0.54806576	-184.29363700	-184.26450613	
2.4	178.0	0.54799868	-184.29339470	-184.26468341	
