      2.2898   178.0000     0.5484
      2.2895   177.8236     0.5477
      2.2891   177.6473     0.5469
      2.2888   177.4709     0.5463
      2.2887   177.2946     0.5460
      2.2886   177.1182     0.5458
      2.2885   176.9419     0.5458
      2.2884   176.7655     0.5457
      2.2882   176.5892     0.5456
      2.2880   176.4128     0.5454
      2.2878   176.2711     0.5453
      2.2877   176.2365     0.5452
      2.2874   176.0601     0.5451
      2.2870   175.8838     0.5449
      2.2866   175.7074     0.5450
      2.2862   175.5311     0.5451
      2.2858   175.3552     0.5453
      2.2858   175.3547     0.5453
      2.2854   175.1784     0.5455
      2.2850   175.0020     0.5457
      2.2847   174.8257     0.5459
      2.2844   174.6493     0.5462
      2.2840   174.4729     0.5464
      2.2838   174.3397     0.5466
      2.2837   174.2966     0.5467
      2.2833   174.1202     0.5469
      2.2828   173.9439     0.5470
      2.2823   173.7675     0.5470
      2.2819   173.5912     0.5470
      2.2818   173.5543     0.5470
      2.2814   173.4148     0.5470
      2.2809   173.2385     0.5470
      2.2804   173.0621     0.5470
      2.2800   172.8858     0.5470
      2.2798   172.7918     0.5470
      2.2796   172.7094     0.5470
      2.2791   172.5331     0.5470
      2.2787   172.3567     0.5470
      2.2783   172.1804     0.5470
      2.2778   172.0040     0.5470
      2.2778   171.9713     0.5470
      2.2774   171.8277     0.5470
      2.2769   171.6513     0.5470
      2.2764   171.4749     0.5470
      2.2758   171.2986     0.5470
      2.2758   171.2807     0.5470
      2.2752   171.1222     0.5470
      2.2746   170.9459     0.5471
      2.2740   170.7695     0.5471
      2.2737   170.6939     0.5471
      2.2734   170.5932     0.5471
      2.2727   170.4168     0.5472
      2.2721   170.2405     0.5472
      2.2717   170.1494     0.5472
      2.2714   170.0641     0.5472
      2.2708   169.8878     0.5473
      2.2701   169.7114     0.5473
      2.2697   169.5989     0.5473
      2.2695   169.5351     0.5473
      2.2689   169.3587     0.5474
      2.2682   169.1824     0.5474
      2.2677   169.0627     0.5475
      2.2675   169.0060     0.5475
      2.2668   168.8297     0.5475
      2.2660   168.6533     0.5476
      2.2657   168.5860     0.5476
      2.2652   168.4770     0.5476
      2.2644   168.3006     0.5476
      2.2637   168.1447     0.5477
      2.2636   168.1242     0.5477
      2.2628   167.9479     0.5477
      2.2620   167.7715     0.5477
      2.2617   167.7170     0.5477
      2.2612   167.5952     0.5477
      2.2603   167.4188     0.5477
      2.2597   167.2933     0.5478
      2.2595   167.2425     0.5478
      2.2586   167.0661     0.5478
      2.2578   166.8898     0.5479
      2.2577   166.8735     0.5479
      2.2569   166.7134     0.5479
      2.2561   166.5371     0.5480
      2.2557   166.4581     0.5480
      2.2552   166.3607     0.5480
      2.2544   166.1844     0.5481
      2.2537   166.0482     0.5481
      2.2535   166.0080     0.5481
      2.2526   165.8317     0.5481
      2.2517   165.6553     0.5482
      2.2517   165.6513     0.5482
      2.2508   165.4790     0.5482
      2.2498   165.3026     0.5482
      2.2497   165.2818     0.5482
      2.2488   165.1263     0.5483
      2.2478   164.9499     0.5483
      2.2477   164.9281     0.5483
      2.2468   164.7735     0.5483
      2.2458   164.5972     0.5484
      2.2457   164.5815     0.5484
      2.2448   164.4208     0.5484
      2.2438   164.2445     0.5485
      2.2437   164.2333     0.5485
      2.2428   164.0681     0.5485
      2.2417   163.8918     0.5486
      2.2417   163.8839     0.5486
      2.2407   163.7154     0.5486
      2.2397   163.5486     0.5487
      2.2396   163.5391     0.5487
      2.2386   163.3627     0.5488
      2.2377   163.2210     0.5488
      2.2375   163.1864     0.5488
      2.2364   163.0100     0.5489
      2.2357   162.9014     0.5489
      2.2352   162.8337     0.5489
      2.2341   162.6573     0.5490
      2.2337   162.5891     0.5490
      2.2330   162.4810     0.5490
      2.2318   162.3046     0.5491
      2.2317   162.2837     0.5491
      2.2306   162.1283     0.5491
      2.2297   161.9861     0.5492
      2.2294   161.9519     0.5492
      2.2282   161.7756     0.5492
      2.2277   161.6871     0.5493
      2.2271   161.5992     0.5493
      2.2259   161.4228     0.5493
      2.2257   161.3888     0.5493
      2.2247   161.2465     0.5494
      2.2236   161.0994     0.5494
      2.2234   161.0701     0.5494
      2.2222   160.8938     0.5495
      2.2216   160.8234     0.5495
      2.2209   160.7174     0.5495
      2.2196   160.5564     0.5496
      2.2195   160.5411     0.5496
      2.2182   160.3647     0.5497
      2.2176   160.2885     0.5497
      2.2169   160.1884     0.5497
      2.2156   160.0181     0.5498
      2.2156   160.0120     0.5498
      2.2143   159.8357     0.5499
      2.2136   159.7419     0.5499
      2.2130   159.6593     0.5499
      2.2117   159.4830     0.5500
      2.2116   159.4670     0.5500
      2.2104   159.3066     0.5501
      2.2096   159.2058     0.5501
      2.2090   159.1303     0.5501
      2.2076   158.9539     0.5502
      2.2076   158.9526     0.5502
      2.2062   158.7776     0.5503
      2.2056   158.7048     0.5503
      2.2048   158.6012     0.5503
      2.2036   158.4607     0.5504
      2.2033   158.4248     0.5504
      2.2018   158.2485     0.5505
      2.2016   158.2197     0.5505
      2.2004   158.0721     0.5505
      2.1996   157.9809     0.5506
      2.1989   157.8958     0.5506
      2.1976   157.7436     0.5506
      2.1974   157.7194     0.5507
      2.1959   157.5431     0.5507
      2.1956   157.5078     0.5507
      2.1944   157.3667     0.5508
      2.1936   157.2736     0.5508
      2.1929   157.1904     0.5509
      2.1916   157.0413     0.5509
      2.1913   157.0140     0.5510
      2.1898   156.8377     0.5510
      2.1896   156.8108     0.5510
      2.1883   156.6613     0.5511
      2.1876   156.5820     0.5511
      2.1867   156.4850     0.5512
      2.1856   156.3548     0.5512
      2.1852   156.3086     0.5513
      2.1836   156.1323     0.5513
      2.1836   156.1300     0.5513
      2.1820   155.9559     0.5514
      2.1816   155.9092     0.5514
      2.1804   155.7796     0.5515
      2.1796   155.6917     0.5515
      2.1787   155.6032     0.5516
      2.1776   155.4769     0.5516
      2.1771   155.4269     0.5517
      2.1756   155.2644     0.5517
      2.1754   155.2505     0.5517
      2.1737   155.0741     0.5518
      2.1735   155.0537     0.5518
      2.1721   154.8978     0.5519
      2.1715   154.8447     0.5520
      2.1704   154.7214     0.5520
      2.1695   154.6373     0.5521
      2.1686   154.5451     0.5521
      2.1675   154.4313     0.5522
      2.1669   154.3687     0.5522
      2.1655   154.2264     0.5523
      2.1652   154.1924     0.5523
      2.1635   154.0228     0.5524
      2.1635   154.0160     0.5524
      2.1617   153.8397     0.5524
      2.1615   153.8197     0.5525
      2.1600   153.6633     0.5525
      2.1595   153.6175     0.5526
      2.1582   153.4870     0.5526
      2.1575   153.4211     0.5526
      2.1564   153.3106     0.5527
      2.1555   153.2295     0.5527
      2.1545   153.1343     0.5528
      2.1535   153.0385     0.5528
      2.1527   152.9579     0.5529
      2.1515   152.8476     0.5529
      2.1508   152.7816     0.5530
      2.1495   152.6563     0.5530
      2.1490   152.6052     0.5531
      2.1475   152.4642     0.5531
      2.1471   152.4289     0.5532
      2.1455   152.2710     0.5532
      2.1453   152.2525     0.5533
      2.1435   152.0772     0.5534
      2.1435   152.0762     0.5534
      2.1416   151.8998     0.5535
      2.1415   151.8855     0.5535
      2.1398   151.7234     0.5536
      2.1395   151.6975     0.5536
      2.1378   151.5471     0.5537
      2.1375   151.5137     0.5537
      2.1359   151.3707     0.5538
      2.1355   151.3339     0.5538
      2.1339   151.1944     0.5539
      2.1335   151.1577     0.5539
      2.1319   151.0180     0.5540
      2.1315   150.9845     0.5540
      2.1298   150.8417     0.5541
      2.1295   150.8131     0.5541
      2.1278   150.6653     0.5542
      2.1275   150.6387     0.5542
      2.1258   150.4890     0.5543
      2.1255   150.4598     0.5543
      2.1238   150.3126     0.5544
      2.1234   150.2820     0.5544
      2.1218   150.1363     0.5545
      2.1214   150.1081     0.5546
      2.1197   149.9599     0.5547
      2.1194   149.9381     0.5547
      2.1176   149.7836     0.5548
      2.1174   149.7694     0.5548
      2.1155   149.6072     0.5549
      2.1154   149.6010     0.5549
      2.1134   149.4332     0.5550
      2.1134   149.4309     0.5550
      2.1114   149.2662     0.5551
      2.1113   149.2545     0.5551
      2.1094   149.1001     0.5552
      2.1092   149.0782     0.5553
      2.1074   148.9352     0.5554
      2.1070   148.9018     0.5554
      2.1054   148.7714     0.5555
      2.1048   148.7255     0.5555
      2.1034   148.6087     0.5556
      2.1027   148.5491     0.5556
      2.1014   148.4474     0.5557
      2.1005   148.3727     0.5557
      2.0994   148.2873     0.5558
      2.0983   148.1964     0.5559
      2.0974   148.1283     0.5559
      2.0960   148.0200     0.5560
      2.0954   147.9706     0.5560
      2.0938   147.8437     0.5561
      2.0934   147.8144     0.5562
      2.0915   147.6673     0.5563
      2.0914   147.6593     0.5563
      2.0894   147.5048     0.5564
      2.0892   147.4910     0.5564
      2.0874   147.3513     0.5565
      2.0869   147.3146     0.5565
      2.0854   147.1989     0.5566
      2.0846   147.1383     0.5567
      2.0834   147.0474     0.5567
      2.0822   146.9619     0.5568
      2.0814   146.8968     0.5569
      2.0799   146.7856     0.5570
      2.0794   146.7471     0.5570
      2.0775   146.6092     0.5571
      2.0774   146.5983     0.5571
      2.0754   146.4503     0.5572
      2.0751   146.4329     0.5573
      2.0733   146.3026     0.5574
      2.0727   146.2565     0.5574
      2.0713   146.1553     0.5575
      2.0703   146.0802     0.5576
      2.0693   146.0081     0.5576
      2.0679   145.9038     0.5577
      2.0673   145.8614     0.5578
      2.0655   145.7275     0.5579
      2.0653   145.7158     0.5579
      2.0633   145.5715     0.5580
      2.0630   145.5511     0.5580
      2.0613   145.4287     0.5582
      2.0606   145.3747     0.5582
      2.0593   145.2873     0.5583
      2.0580   145.1984     0.5584
      2.0573   145.1472     0.5584
      2.0555   145.0220     0.5585
      2.0553   145.0083     0.5585
      2.0533   144.8705     0.5587
      2.0529   144.8457     0.5587
      2.0513   144.7336     0.5588
      2.0504   144.6693     0.5589
      2.0493   144.5978     0.5589
      2.0477   144.4930     0.5590
      2.0473   144.4630     0.5591
      2.0453   144.3291     0.5592
      2.0451   144.3166     0.5592
      2.0433   144.1960     0.5593
      2.0424   144.1403     0.5594
      2.0413   144.0636     0.5595
      2.0398   143.9639     0.5596
      2.0393   143.9317     0.5596
      2.0373   143.8004     0.5597
      2.0371   143.7876     0.5597
      2.0353   143.6695     0.5599
      2.0344   143.6112     0.5599
      2.0333   143.5393     0.5600
      2.0316   143.4349     0.5601
      2.0313   143.4098     0.5601
      2.0293   143.2809     0.5603
      2.0289   143.2585     0.5603
      2.0273   143.1530     0.5604
      2.0261   143.0822     0.5605
      2.0253   143.0266     0.5606
      2.0233   142.9058     0.5607
      2.0232   142.9013     0.5607
      2.0212   142.7759     0.5608
      2.0205   142.7295     0.5609
      2.0192   142.6509     0.5610
      2.0177   142.5531     0.5611
      2.0172   142.5266     0.5611
      2.0152   142.4030     0.5613
      2.0148   142.3768     0.5613
      2.0132   142.2801     0.5614
      2.0119   142.2004     0.5615
      2.0112   142.1579     0.5616
      2.0092   142.0365     0.5617
      2.0090   142.0240     0.5617
      2.0072   141.9157     0.5619
      2.0061   141.8477     0.5620
      2.0052   141.7957     0.5620
      2.0032   141.6766     0.5622
      2.0031   141.6713     0.5622
      2.0012   141.5579     0.5623
      2.0001   141.4950     0.5624
      1.9992   141.4401     0.5625
      1.9972   141.3230     0.5626
      1.9971   141.3186     0.5627
      1.9952   141.2065     0.5628
      1.9941   141.1423     0.5629
      1.9932   141.0907     0.5630
      1.9912   140.9757     0.5631
      1.9910   140.9659     0.5631
      1.9892   140.8613     0.5633
      1.9879   140.7896     0.5634
      1.9872   140.7484     0.5634
      1.9852   140.6377     0.5636
      1.9847   140.6132     0.5636
      1.9832   140.5286     0.5638
      1.9815   140.4369     0.5639
      1.9812   140.4200     0.5639
      1.9792   140.3113     0.5641
      1.9782   140.2605     0.5641
      1.9772   140.2032     0.5642
      1.9752   140.0959     0.5644
      1.9749   140.0842     0.5644
      1.9731   139.9890     0.5645
      1.9716   139.9078     0.5647
      1.9711   139.8828     0.5647
      1.9691   139.7773     0.5649
      1.9683   139.7315     0.5649
      1.9671   139.6724     0.5650
      1.9651   139.5682     0.5652
      1.9649   139.5551     0.5652
      1.9631   139.4645     0.5654
      1.9615   139.3788     0.5655
      1.9611   139.3616     0.5655
      1.9591   139.2591     0.5657
      1.9580   139.2024     0.5658
      1.9571   139.1574     0.5659
      1.9551   139.0564     0.5661
      1.9545   139.0261     0.5661
      1.9531   138.9562     0.5662
      1.9511   138.8568     0.5664
      1.9510   138.8497     0.5664
      1.9491   138.7581     0.5666
      1.9474   138.6733     0.5667
      1.9471   138.6601     0.5668
      1.9451   138.5624     0.5669
      1.9437   138.4970     0.5671
      1.9431   138.4655     0.5671
      1.9411   138.3702     0.5673
      1.9400   138.3206     0.5674
      1.9391   138.2757     0.5675
      1.9371   138.1814     0.5677
      1.9363   138.1443     0.5677
      1.9351   138.0876     0.5679
      1.9331   137.9945     0.5680
      1.9325   137.9679     0.5681
      1.9311   137.9025     0.5682
      1.9291   137.8115     0.5684
      1.9286   137.7916     0.5684
      1.9271   137.7217     0.5686
      1.9251   137.6329     0.5688
      1.9246   137.6152     0.5688
      1.9230   137.5450     0.5690
      1.9210   137.4579     0.5691
      1.9206   137.4389     0.5692
      1.9190   137.3715     0.5693
      1.9170   137.2859     0.5695
      1.9165   137.2625     0.5696
      1.9150   137.2008     0.5697
      1.9130   137.1166     0.5699
      1.9123   137.0862     0.5700
      1.9110   137.0328     0.5701
      1.9090   136.9498     0.5703
      1.9080   136.9098     0.5704
      1.9070   136.8674     0.5705
      1.9050   136.7857     0.5707
      1.9037   136.7335     0.5708
      1.9030   136.7046     0.5709
      1.9010   136.6242     0.5711
      1.8993   136.5571     0.5713
      1.8990   136.5445     0.5713
      1.8970   136.4654     0.5715
      1.8950   136.3873     0.5718
      1.8948   136.3808     0.5718
      1.8930   136.3096     0.5720
      1.8910   136.2328     0.5722
      1.8902   136.2044     0.5723
      1.8890   136.1565     0.5724
      1.8870   136.0808     0.5726
      1.8856   136.0281     0.5728
      1.8850   136.0058     0.5729
      1.8830   135.9314     0.5731
      1.8810   135.8579     0.5733
      1.8808   135.8517     0.5733
      1.8790   135.7853     0.5735
      1.8770   135.7137     0.5737
      1.8759   135.6754     0.5739
      1.8749   135.6430     0.5740
      1.8729   135.5734     0.5742
      1.8709   135.5048     0.5744
      1.8708   135.4990     0.5744
      1.8689   135.4376     0.5746
      1.8669   135.3718     0.5749
      1.8654   135.3226     0.5750
      1.8649   135.3073     0.5751
      1.8629   135.2433     0.5753
      1.8609   135.1800     0.5755
      1.8598   135.1463     0.5757
      1.8589   135.1173     0.5758
      1.8569   135.0555     0.5760
      1.8549   134.9947     0.5762
      1.8541   134.9699     0.5763
      1.8529   134.9346     0.5765
      1.8509   134.8755     0.5767
      1.8489   134.8174     0.5770
      1.8481   134.7936     0.5771
      1.8469   134.7601     0.5772
      1.8449   134.7036     0.5774
      1.8429   134.6481     0.5777
      1.8418   134.6172     0.5778
      1.8409   134.5934     0.5779
      1.8389   134.5396     0.5782
      1.8369   134.4867     0.5784
      1.8351   134.4409     0.5786
      1.8349   134.4349     0.5787
      1.8329   134.3837     0.5789
      1.8309   134.3336     0.5792
      1.8289   134.2844     0.5794
      1.8280   134.2645     0.5795
      1.8269   134.2360     0.5797
      1.8248   134.1886     0.5799
      1.8228   134.1421     0.5802
      1.8208   134.0966     0.5805
      1.8205   134.0882     0.5805
      1.8188   134.0519     0.5807
      1.8168   134.0082     0.5810
      1.8148   133.9655     0.5813
      1.8128   133.9238     0.5815
      1.8122   133.9118     0.5816
      1.8108   133.8831     0.5818
      1.8088   133.8434     0.5821
      1.8068   133.8047     0.5823
      1.8048   133.7672     0.5826
      1.8031   133.7355     0.5828
      1.8028   133.7306     0.5829
      1.8008   133.6950     0.5832
      1.7988   133.6606     0.5834
      1.7968   133.6272     0.5837
      1.7948   133.5948     0.5840
      1.7928   133.5634     0.5843
      1.7925   133.5591     0.5843
      1.7908   133.5328     0.5846
      1.7888   133.5031     0.5848
      1.7868   133.4745     0.5851
      1.7848   133.4469     0.5854
      1.7828   133.4203     0.5857
      1.7808   133.3947     0.5860
      1.7798   133.3828     0.5861
      1.7788   133.3700     0.5863
      1.7768   133.3461     0.5866
      1.7747   133.3231     0.5868
      1.7727   133.3009     0.5871
      1.7707   133.2795     0.5874
      1.7687   133.2588     0.5877
      1.7667   133.2390     0.5880
      1.7647   133.2200     0.5883
      1.7632   133.2064     0.5885
      1.7627   133.2020     0.5886
      1.7607   133.1849     0.5889
      1.7587   133.1688     0.5892
      1.7567   133.1538     0.5894
      1.7547   133.1399     0.5897
      1.7527   133.1271     0.5900
      1.7507   133.1154     0.5903
      1.7487   133.1048     0.5906
      1.7467   133.0952     0.5909
      1.7447   133.0865     0.5912
      1.7427   133.0789     0.5915
      1.7407   133.0721     0.5918
      1.7387   133.0664     0.5921
      1.7367   133.0615     0.5924
      1.7347   133.0576     0.5927
      1.7327   133.0545     0.5930
      1.7307   133.0522     0.5933
      1.7287   133.0508     0.5936
      1.7267   133.0502     0.5939
      1.7246   133.0504     0.5942
      1.7226   133.0516     0.5945
      1.7206   133.0541     0.5948
      1.7186   133.0579     0.5951
      1.7166   133.0630     0.5954
      1.7146   133.0693     0.5957
      1.7126   133.0767     0.5960
      1.7106   133.0852     0.5963
      1.7086   133.0944     0.5966
      1.7066   133.1042     0.5970
      1.7046   133.1144     0.5973
      1.7026   133.1251     0.5976
      1.7006   133.1360     0.5979
      1.6986   133.1472     0.5981
      1.6966   133.1584     0.5984
      1.6946   133.1696     0.5987
      1.6926   133.1810     0.5990
      1.6906   133.1926     0.5993
      1.6886   133.2045     0.5996
      1.6883   133.2064     0.5996
      1.6866   133.2173     0.5999
      1.6846   133.2312     0.6002
      1.6826   133.2461     0.6005
      1.6806   133.2621     0.6007
      1.6786   133.2791     0.6010
      1.6766   133.2970     0.6013
      1.6745   133.3157     0.6016
      1.6725   133.3353     0.6019
      1.6705   133.3557     0.6022
      1.6685   133.3768     0.6025
      1.6680   133.3828     0.6025
      1.6665   133.3986     0.6027
      1.6645   133.4212     0.6030
      1.6625   133.4444     0.6033
      1.6605   133.4683     0.6036
      1.6585   133.4930     0.6038
      1.6565   133.5183     0.6041
      1.6545   133.5443     0.6044
      1.6534   133.5591     0.6045
      1.6525   133.5712     0.6046
      1.6505   133.5988     0.6049
      1.6485   133.6269     0.6052
      1.6465   133.6543     0.6054
      1.6445   133.6815     0.6057
      1.6425   133.7089     0.6059
      1.6406   133.7355     0.6061
      1.6405   133.7380     0.6062
      1.6385   133.7699     0.6064
      1.6365   133.8031     0.6067
      1.6345   133.8371     0.6069
      1.6325   133.8716     0.6071
      1.6305   133.9066     0.6074
      1.6302   133.9118     0.6074
      1.6285   133.9412     0.6076
      1.6265   133.9762     0.6078
      1.6244   134.0117     0.6081
      1.6224   134.0478     0.6083
      1.6204   134.0844     0.6085
      1.6202   134.0882     0.6085
      1.6184   134.1209     0.6087
      1.6164   134.1578     0.6089
      1.6144   134.1952     0.6091
      1.6124   134.2332     0.6093
      1.6108   134.2645     0.6095
      1.6104   134.2715     0.6095
      1.6084   134.3098     0.6097
      1.6064   134.3486     0.6099
      1.6044   134.3877     0.6101
      1.6024   134.4270     0.6103
      1.6017   134.4409     0.6104
      1.6004   134.4662     0.6105
      1.5984   134.5054     0.6106
      1.5964   134.5449     0.6108
      1.5944   134.5847     0.6110
      1.5928   134.6172     0.6111
      1.5924   134.6248     0.6111
      1.5904   134.6647     0.6113
      1.5884   134.7049     0.6114
      1.5864   134.7453     0.6116
      1.5844   134.7861     0.6117
      1.5840   134.7936     0.6117
      1.5824   134.8267     0.6118
      1.5804   134.8678     0.6119
      1.5784   134.9093     0.6121
      1.5764   134.9515     0.6122
      1.5755   134.9699     0.6122
      1.5743   134.9942     0.6123
      1.5723   135.0368     0.6124
      1.5703   135.0794     0.6125
      1.5683   135.1220     0.6126
      1.5672   135.1463     0.6126
      1.5663   135.1644     0.6127
      1.5643   135.2065     0.6128
      1.5623   135.2487     0.6129
      1.5603   135.2910     0.6129
      1.5588   135.3226     0.6130
      1.5583   135.3333     0.6130
      1.5563   135.3752     0.6131
      1.5543   135.4172     0.6131
      1.5523   135.4593     0.6131
      1.5504   135.4990     0.6132
      1.5503   135.5014     0.6132
      1.5483   135.5430     0.6132
      1.5463   135.5848     0.6132
      1.5443   135.6268     0.6132
      1.5423   135.6689     0.6132
      1.5420   135.6754     0.6132
      1.5403   135.7107     0.6132
      1.5383   135.7525     0.6132
      1.5363   135.7945     0.6131
      1.5343   135.8366     0.6131
      1.5335   135.8517     0.6131
      1.5323   135.8785     0.6131
      1.5303   135.9203     0.6130
      1.5283   135.9623     0.6130
      1.5263   136.0044     0.6129
      1.5251   136.0281     0.6129
      1.5242   136.0464     0.6129
      1.5222   136.0883     0.6128
      1.5202   136.1303     0.6128
      1.5182   136.1724     0.6127
      1.5167   136.2044     0.6126
      1.5162   136.2145     0.6126
      1.5142   136.2562     0.6125
      1.5122   136.2981     0.6125
      1.5102   136.3400     0.6124
      1.5083   136.3808     0.6123
      1.5082   136.3819     0.6123
      1.5062   136.4231     0.6122
      1.5042   136.4640     0.6121
      1.5022   136.5046     0.6119
      1.5002   136.5448     0.6118
      1.4996   136.5571     0.6118
      1.4982   136.5845     0.6117
      1.4962   136.6240     0.6115
      1.4942   136.6637     0.6114
      1.4922   136.7035     0.6112
      1.4907   136.7335     0.6111
      1.4902   136.7432     0.6110
      1.4882   136.7825     0.6108
      1.4862   136.8218     0.6107
      1.4842   136.8611     0.6105
      1.4822   136.9004     0.6103
      1.4817   136.9098     0.6102
      1.4802   136.9392     0.6101
      1.4782   136.9777     0.6098
      1.4762   137.0163     0.6096
      1.4741   137.0548     0.6094
      1.4725   137.0862     0.6092
      1.4721   137.0929     0.6092
      1.4701   137.1301     0.6090
      1.4681   137.1672     0.6087
      1.4661   137.2040     0.6085
      1.4641   137.2407     0.6083
      1.4629   137.2625     0.6081
      1.4621   137.2769     0.6080
      1.4601   137.3123     0.6078
      1.4581   137.3476     0.6075
      1.4561   137.3826     0.6072
      1.4541   137.4173     0.6069
      1.4529   137.4389     0.6068
      1.4521   137.4515     0.6067
      1.4501   137.4849     0.6064
      1.4481   137.5181     0.6061
      1.4461   137.5513     0.6058
      1.4441   137.5845     0.6054
      1.4422   137.6152     0.6051
      1.4421   137.6176     0.6051
      1.4401   137.6498     0.6048
      1.4381   137.6820     0.6045
      1.4361   137.7142     0.6041
      1.4341   137.7463     0.6038
      1.4321   137.7784     0.6034
      1.4312   137.7916     0.6033
      1.4301   137.8100     0.6031
      1.4281   137.8412     0.6027
      1.4261   137.8724     0.6023
      1.4240   137.9035     0.6020
      1.4220   137.9345     0.6016
      1.4200   137.9655     0.6012
      1.4199   137.9679     0.6012
      1.4180   137.9957     0.6009
      1.4160   138.0259     0.6005
      1.4140   138.0559     0.6001
      1.4120   138.0858     0.5997
      1.4100   138.1157     0.5993
      1.4081   138.1443     0.5990
      1.4080   138.1455     0.5990
      1.4060   138.1746     0.5986
      1.4040   138.2036     0.5982
      1.4020   138.2323     0.5978
      1.4000   138.2607     0.5974
