      2.2898   178.0000    26.0527
      2.2895   177.8236    26.0527
      2.2891   177.6473    26.0527
      2.2888   177.4709    26.0527
      2.2887   177.2946    26.0527
      2.2886   177.1182    26.0527
      2.2885   176.9419    31.3536
      2.2884   176.7655    31.3536
      2.2882   176.5892    31.3536
      2.2880   176.4128    31.3536
      2.2878   176.2711    31.3536
      2.2877   176.2365    31.3536
      2.2874   176.0601    31.3536
      2.2870   175.8838    31.3536
      2.2866   175.7074    31.3536
      2.2862   175.5311    31.3536
      2.2858   175.3552    31.3536
      2.2858   175.3547    31.3536
      2.2854   175.1784    31.3536
      2.2850   175.0020    31.3536
      2.2847   174.8257    25.4212
      2.2844   174.6493    25.4212
      2.2840   174.4729    25.4212
      2.2838   174.3397    25.4212
      2.2837   174.2966    25.4212
      2.2833   174.1202    25.4212
      2.2828   173.9439    25.4212
      2.2823   173.7675    25.4212
      2.2819   173.5912    25.4212
      2.2818   173.5543    25.4212
      2.2814   173.4148    25.4212
      2.2809   173.2385    25.4212
      2.2804   173.0621    25.4212
      2.2800   172.8858    24.8887
      2.2798   172.7918    24.8887
      2.2796   172.7094    24.8887
      2.2791   172.5331    24.8887
      2.2787   172.3567    24.8887
      2.2783   172.1804    24.8887
      2.2778   172.0040    24.8887
      2.2778   171.9713    24.8887
      2.2774   171.8277    24.8887
      2.2769   171.6513    24.8887
      2.2764   171.4749    24.8887
      2.2758   171.2986    24.8887
      2.2758   171.2807    24.8887
      2.2752   171.1222    24.8887
      2.2746   170.9459    29.3398
      2.2740   170.7695    29.3398
      2.2737   170.6939    29.3398
      2.2734   170.5932    29.3398
      2.2727   170.4168    29.3398
      2.2721   170.2405    29.3398
      2.2717   170.1494    29.3398
      2.2714   170.0641    29.3398
      2.2708   169.8878    29.3398
      2.2701   169.7114    29.3398
      2.2697   169.5989    29.3398
      2.2695   169.5351    29.3398
      2.2689   169.3587    29.3398
      2.2682   169.1824    29.3398
      2.2677   169.0627    29.3398
      2.2675   169.0060    29.3398
      2.2668   168.8297    28.3732
      2.2660   168.6533    28.3732
      2.2657   168.5860    28.3732
      2.2652   168.4770    28.3732
      2.2644   168.3006    28.3732
      2.2637   168.1447    28.3732
      2.2636   168.1242    28.3732
      2.2628   167.9479    28.3732
      2.2620   167.7715    28.3732
      2.2617   167.7170    28.3732
      2.2612   167.5952    28.3732
      2.2603   167.4188    28.3732
      2.2597   167.2933    28.3732
      2.2595   167.2425    28.3732
      2.2586   167.0661    28.3732
      2.2578   166.8898    27.3003
      2.2577   166.8735    27.3003
      2.2569   166.7134    27.3003
      2.2561   166.5371    27.3003
      2.2557   166.4581    27.3003
      2.2552   166.3607    27.3003
      2.2544   166.1844    27.3003
      2.2537   166.0482    27.3003
      2.2535   166.0080    27.3003
      2.2526   165.8317    27.3003
      2.2517   165.6553    27.3003
      2.2517   165.6513    27.3003
      2.2508   165.4790    27.3003
      2.2498   165.3026    27.3003
      2.2497   165.2818    27.3003
      2.2488   165.1263    27.3003
      2.2478   164.9499    26.1471
      2.2477   164.9281    26.1471
      2.2468   164.7735    26.1471
      2.2458   164.5972    26.1471
      2.2457   164.5815    26.1471
      2.2448   164.4208    26.1471
      2.2438   164.2445    26.1471
      2.2437   164.2333    26.1471
      2.2428   164.0681    26.1471
      2.2417   163.8918    26.1471
      2.2417   163.8839    26.1471
      2.2407   163.7154    26.1471
      2.2397   163.5486    26.1471
      2.2396   163.5391    26.1471
      2.2386   163.3627    26.1471
      2.2377   163.2210    26.1471
      2.2375   163.1864    26.1471
      2.2364   163.0100    26.1471
      2.2357   162.9014    29.6897
      2.2352   162.8337    29.6897
      2.2341   162.6573    29.6897
      2.2337   162.5891    29.6897
      2.2330   162.4810    29.6897
      2.2318   162.3046    29.6897
      2.2317   162.2837    29.6897
      2.2306   162.1283    29.6897
      2.2297   161.9861    29.6897
      2.2294   161.9519    29.6897
      2.2282   161.7756    29.6897
      2.2277   161.6871    29.6897
      2.2271   161.5992    29.6897
      2.2259   161.4228    29.6897
      2.2257   161.3888    29.6897
      2.2247   161.2465    29.6897
      2.2236   161.0994    29.6897
      2.2234   161.0701    29.6897
      2.2222   160.8938    28.1642
      2.2216   160.8234    28.1642
      2.2209   160.7174    28.1642
      2.2196   160.5564    28.1642
      2.2195   160.5411    28.1642
      2.2182   160.3647    28.1642
      2.2176   160.2885    28.1642
      2.2169   160.1884    28.1642
      2.2156   160.0181    28.1642
      2.2156   160.0120    28.1642
      2.2143   159.8357    28.1642
      2.2136   159.7419    28.1642
      2.2130   159.6593    28.1642
      2.2117   159.4830    28.1642
      2.2116   159.4670    28.1642
      2.2104   159.3066    28.1642
      2.2096   159.2058    28.1642
      2.2090   159.1303    28.1642
      2.2076   158.9539    26.6404
      2.2076   158.9526    26.6404
      2.2062   158.7776    26.6404
      2.2056   158.7048    26.6404
      2.2048   158.6012    26.6404
      2.2036   158.4607    26.6404
      2.2033   158.4248    26.6404
      2.2018   158.2485    26.6404
      2.2016   158.2197    26.6404
      2.2004   158.0721    26.6404
      2.1996   157.9809    26.6404
      2.1989   157.8958    26.6404
      2.1976   157.7436    26.6404
      2.1974   157.7194    26.6404
      2.1959   157.5431    26.6404
      2.1956   157.5078    26.6404
      2.1944   157.3667    26.6404
      2.1936   157.2736    26.6404
      2.1929   157.1904    26.6404
      2.1916   157.0413    26.6404
      2.1913   157.0140    26.6404
      2.1898   156.8377    25.1397
      2.1896   156.8108    25.1397
      2.1883   156.6613    25.1397
      2.1876   156.5820    25.1397
      2.1867   156.4850    25.1397
      2.1856   156.3548    25.1397
      2.1852   156.3086    25.1397
      2.1836   156.1323    25.1397
      2.1836   156.1300    25.1397
      2.1820   155.9559    25.1397
      2.1816   155.9092    25.1397
      2.1804   155.7796    25.1397
      2.1796   155.6917    25.1397
      2.1787   155.6032    25.1397
      2.1776   155.4769    25.1397
      2.1771   155.4269    25.1397
      2.1756   155.2644    25.1397
      2.1754   155.2505    25.1397
      2.1737   155.0741    29.3689
      2.1735   155.0537    29.3689
      2.1721   154.8978    27.6289
      2.1715   154.8447    27.6289
      2.1704   154.7214    27.6289
      2.1695   154.6373    27.6289
      2.1686   154.5451    27.6289
      2.1675   154.4313    27.6289
      2.1669   154.3687    27.6289
      2.1655   154.2264    27.6289
      2.1652   154.1924    27.6289
      2.1635   154.0228    27.6289
      2.1635   154.0160    27.6289
      2.1617   153.8397    27.6289
      2.1615   153.8197    27.6289
      2.1600   153.6633    27.6289
      2.1595   153.6175    27.6289
      2.1582   153.4870    27.6289
      2.1575   153.4211    27.6289
      2.1564   153.3106    27.6289
      2.1555   153.2295    27.6289
      2.1545   153.1343    27.6289
      2.1535   153.0385    27.6289
      2.1527   152.9579    25.9718
      2.1515   152.8476    25.9718
      2.1508   152.7816    25.9718
      2.1495   152.6563    25.9718
      2.1490   152.6052    25.9718
      2.1475   152.4642    25.9718
      2.1471   152.4289    25.9718
      2.1455   152.2710    25.9718
      2.1453   152.2525    25.9718
      2.1435   152.0772    25.9718
      2.1435   152.0762    25.9718
      2.1416   151.8998    25.9718
      2.1415   151.8855    25.9718
      2.1398   151.7234    25.9718
      2.1395   151.6975    25.9718
      2.1378   151.5471    25.9718
      2.1375   151.5137    25.9718
      2.1359   151.3707    25.9718
      2.1355   151.3339    25.9718
      2.1339   151.1944    25.9718
      2.1335   151.1577    25.9718
      2.1319   151.0180    25.9718
      2.1315   150.9845    24.4052
      2.1298   150.8417    24.4052
      2.1295   150.8131    24.4052
      2.1278   150.6653    24.4052
      2.1275   150.6387    24.4052
      2.1258   150.4890    24.4052
      2.1255   150.4598    24.4052
      2.1238   150.3126    27.9469
      2.1234   150.2820    27.9469
      2.1218   150.1363    27.9469
      2.1214   150.1081    27.9469
      2.1197   149.9599    27.9469
      2.1194   149.9381    27.9469
      2.1176   149.7836    27.9469
      2.1174   149.7694    27.9469
      2.1155   149.6072    27.9469
      2.1154   149.6010    27.9469
      2.1134   149.4332    27.9469
      2.1134   149.4309    27.9469
      2.1114   149.2662    27.9469
      2.1113   149.2545    27.9469
      2.1094   149.1001    27.9469
      2.1092   149.0782    27.9469
      2.1074   148.9352    26.2743
      2.1070   148.9018    26.2743
      2.1054   148.7714    26.2743
      2.1048   148.7255    26.2743
      2.1034   148.6087    26.2743
      2.1027   148.5491    26.2743
      2.1014   148.4474    26.2743
      2.1005   148.3727    26.2743
      2.0994   148.2873    26.2743
      2.0983   148.1964    26.2743
      2.0974   148.1283    26.2743
      2.0960   148.0200    26.2743
      2.0954   147.9706    26.2743
      2.0938   147.8437    26.2743
      2.0934   147.8144    26.2743
      2.0915   147.6673    26.2743
      2.0914   147.6593    26.2743
      2.0894   147.5048    26.2743
      2.0892   147.4910    26.2743
      2.0874   147.3513    26.2743
      2.0869   147.3146    26.2743
      2.0854   147.1989    26.2743
      2.0846   147.1383    26.2743
      2.0834   147.0474    26.2743
      2.0822   146.9619    24.7305
      2.0814   146.8968    24.7305
      2.0799   146.7856    24.7305
      2.0794   146.7471    24.7305
      2.0775   146.6092    24.7305
      2.0774   146.5983    24.7305
      2.0754   146.4503    24.7305
      2.0751   146.4329    24.7305
      2.0733   146.3026    27.7662
      2.0727   146.2565    27.7662
      2.0713   146.1553    27.7662
      2.0703   146.0802    27.7662
      2.0693   146.0081    27.7662
      2.0679   145.9038    27.7662
      2.0673   145.8614    27.7662
      2.0655   145.7275    27.7662
      2.0653   145.7158    27.7662
      2.0633   145.5715    27.7662
      2.0630   145.5511    27.7662
      2.0613   145.4287    27.7662
      2.0606   145.3747    27.7662
      2.0593   145.2873    27.7662
      2.0580   145.1984    27.7662
      2.0573   145.1472    27.7662
      2.0555   145.0220    27.7662
      2.0553   145.0083    27.7662
      2.0533   144.8705    26.2297
      2.0529   144.8457    26.2297
      2.0513   144.7336    26.2297
      2.0504   144.6693    26.2297
      2.0493   144.5978    26.2297
      2.0477   144.4930    26.2297
      2.0473   144.4630    26.2297
      2.0453   144.3291    26.2297
      2.0451   144.3166    26.2297
      2.0433   144.1960    26.2297
      2.0424   144.1403    26.2297
      2.0413   144.0636    26.2297
      2.0398   143.9639    26.2297
      2.0393   143.9317    26.2297
      2.0373   143.8004    26.2297
      2.0371   143.7876    26.2297
      2.0353   143.6695    26.2297
      2.0344   143.6112    26.2297
      2.0333   143.5393    26.2297
      2.0316   143.4349    26.2297
      2.0313   143.4098    26.2297
      2.0293   143.2809    26.2297
      2.0289   143.2585    26.2297
      2.0273   143.1530    26.2297
      2.0261   143.0822    26.2297
      2.0253   143.0266    26.2297
      2.0233   142.9058    27.3614
      2.0232   142.9013    27.3614
      2.0212   142.7759    27.3614
      2.0205   142.7295    27.3614
      2.0192   142.6509    27.3614
      2.0177   142.5531    27.3614
      2.0172   142.5266    27.3614
      2.0152   142.4030    27.3614
      2.0148   142.3768    27.3614
      2.0132   142.2801    27.3614
      2.0119   142.2004    27.3614
      2.0112   142.1579    27.3614
      2.0092   142.0365    27.3614
      2.0090   142.0240    27.3614
      2.0072   141.9157    27.3614
      2.0061   141.8477    27.3614
      2.0052   141.7957    27.3614
      2.0032   141.6766    27.3614
      2.0031   141.6713    27.3614
      2.0012   141.5579    27.3614
      2.0001   141.4950    27.3614
      1.9992   141.4401    27.3614
      1.9972   141.3230    27.3614
      1.9971   141.3186    27.3614
      1.9952   141.2065    27.3614
      1.9941   141.1423    27.3614
      1.9932   141.0907    27.3614
      1.9912   140.9757    26.0957
      1.9910   140.9659    26.0957
      1.9892   140.8613    26.0957
      1.9879   140.7896    26.0957
      1.9872   140.7484    26.0957
      1.9852   140.6377    26.0957
      1.9847   140.6132    26.0957
      1.9832   140.5286    26.0957
      1.9815   140.4369    26.0957
      1.9812   140.4200    26.0957
      1.9792   140.3113    26.0957
      1.9782   140.2605    26.0957
      1.9772   140.2032    26.0957
      1.9752   140.0959    26.0957
      1.9749   140.0842    28.0960
      1.9731   139.9890    28.0960
      1.9716   139.9078    28.0960
      1.9711   139.8828    28.0960
      1.9691   139.7773    28.0960
      1.9683   139.7315    28.0960
      1.9671   139.6724    28.0960
      1.9651   139.5682    28.0960
      1.9649   139.5551    28.0960
      1.9631   139.4645    28.0960
      1.9615   139.3788    28.0960
      1.9611   139.3616    28.0960
      1.9591   139.2591    28.0960
      1.9580   139.2024    28.0960
      1.9571   139.1574    28.0960
      1.9551   139.0564    28.0960
      1.9545   139.0261    28.0960
      1.9531   138.9562    27.0637
      1.9511   138.8568    27.0637
      1.9510   138.8497    27.0637
      1.9491   138.7581    27.0637
      1.9474   138.6733    27.0637
      1.9471   138.6601    27.0637
      1.9451   138.5624    27.0637
      1.9437   138.4970    27.0637
      1.9431   138.4655    27.0637
      1.9411   138.3702    27.0637
      1.9400   138.3206    27.0637
      1.9391   138.2757    27.0637
      1.9371   138.1814    27.0637
      1.9363   138.1443    27.0637
      1.9351   138.0876    27.0637
      1.9331   137.9945    27.0637
      1.9325   137.9679    27.0637
      1.9311   137.9025    27.0637
      1.9291   137.8115    27.0637
      1.9286   137.7916    27.0637
      1.9271   137.7217    27.0637
      1.9251   137.6329    27.0637
      1.9246   137.6152    28.4719
      1.9230   137.5450    28.4719
      1.9210   137.4579    28.4719
      1.9206   137.4389    28.4719
      1.9190   137.3715    28.4719
      1.9170   137.2859    28.4719
      1.9165   137.2625    28.4719
      1.9150   137.2008    28.4719
      1.9130   137.1166    28.4719
      1.9123   137.0862    28.4719
      1.9110   137.0328    28.4719
      1.9090   136.9498    27.7816
      1.9080   136.9098    27.7816
      1.9070   136.8674    27.7816
      1.9050   136.7857    27.7816
      1.9037   136.7335    27.7816
      1.9030   136.7046    27.7816
      1.9010   136.6242    27.7816
      1.8993   136.5571    27.7816
      1.8990   136.5445    27.7816
      1.8970   136.4654    27.7816
      1.8950   136.3873    27.7816
      1.8948   136.3808    27.7816
      1.8930   136.3096    27.7816
      1.8910   136.2328    27.7816
      1.8902   136.2044    27.7816
      1.8890   136.1565    27.7816
      1.8870   136.0808    27.7816
      1.8856   136.0281    27.7816
      1.8850   136.0058    27.7816
      1.8830   135.9314    27.7816
      1.8810   135.8579    27.7816
      1.8808   135.8517    27.7816
      1.8790   135.7853    27.7816
      1.8770   135.7137    27.7816
      1.8759   135.6754    27.7816
      1.8749   135.6430    28.6132
      1.8729   135.5734    28.6132
      1.8709   135.5048    28.6132
      1.8708   135.4990    28.6132
      1.8689   135.4376    28.6132
      1.8669   135.3718    28.6132
      1.8654   135.3226    28.6132
      1.8649   135.3073    28.6132
      1.8629   135.2433    28.6132
      1.8609   135.1800    28.6132
      1.8598   135.1463    28.6132
      1.8589   135.1173    28.6132
      1.8569   135.0555    28.6132
      1.8549   134.9947    28.3577
      1.8541   134.9699    28.3577
      1.8529   134.9346    28.3577
      1.8509   134.8755    28.3577
      1.8489   134.8174    28.3577
      1.8481   134.7936    28.3577
      1.8469   134.7601    28.3577
      1.8449   134.7036    28.3577
      1.8429   134.6481    28.3577
      1.8418   134.6172    28.3577
      1.8409   134.5934    28.3577
      1.8389   134.5396    28.3577
      1.8369   134.4867    28.3577
      1.8351   134.4409    28.3577
      1.8349   134.4349    28.3577
      1.8329   134.3837    28.3577
      1.8309   134.3336    28.3577
      1.8289   134.2844    28.3577
      1.8280   134.2645    28.3577
      1.8269   134.2360    28.3577
      1.8248   134.1886    28.7326
      1.8228   134.1421    28.7326
      1.8208   134.0966    28.7326
      1.8205   134.0882    28.7326
      1.8188   134.0519    28.7326
      1.8168   134.0082    28.7326
      1.8148   133.9655    28.7326
      1.8128   133.9238    28.7326
      1.8122   133.9118    28.7326
      1.8108   133.8831    28.7326
      1.8088   133.8434    28.7326
      1.8068   133.8047    28.7326
      1.8048   133.7672    28.7326
      1.8031   133.7355    28.7326
      1.8028   133.7306    28.7326
      1.8008   133.6950    28.7326
      1.7988   133.6606    28.7326
      1.7968   133.6272    28.7326
      1.7948   133.5948    28.7326
      1.7928   133.5634    28.7326
      1.7925   133.5591    28.7326
      1.7908   133.5328    28.7326
      1.7888   133.5031    28.7326
      1.7868   133.4745    28.7326
      1.7848   133.4469    28.7326
      1.7828   133.4203    28.7326
      1.7808   133.3947    28.7326
      1.7798   133.3828    28.7326
      1.7788   133.3700    28.7326
      1.7768   133.3461    28.7326
      1.7747   133.3231    28.4767
      1.7727   133.3009    28.4767
      1.7707   133.2795    28.4767
      1.7687   133.2588    28.4767
      1.7667   133.2390    28.4767
      1.7647   133.2200    28.4767
      1.7632   133.2064    28.4767
      1.7627   133.2020    28.4767
      1.7607   133.1849    28.4767
      1.7587   133.1688    28.4767
      1.7567   133.1538    28.4767
      1.7547   133.1399    28.4767
      1.7527   133.1271    28.4767
      1.7507   133.1154    28.4767
      1.7487   133.1048    28.4767
      1.7467   133.0952    28.4767
      1.7447   133.0865    28.4767
      1.7427   133.0789    28.4767
      1.7407   133.0721    28.4767
      1.7387   133.0664    28.4767
      1.7367   133.0615    28.4767
      1.7347   133.0576    28.4767
      1.7327   133.0545    28.4767
      1.7307   133.0522    28.4767
      1.7287   133.0508    28.4767
      1.7267   133.0502    28.4767
      1.7246   133.0504    28.0046
      1.7226   133.0516    28.0046
      1.7206   133.0541    28.0046
      1.7186   133.0579    28.0046
      1.7166   133.0630    28.0046
      1.7146   133.0693    28.0046
      1.7126   133.0767    28.0046
      1.7106   133.0852    28.0046
      1.7086   133.0944    28.0046
      1.7066   133.1042    28.0046
      1.7046   133.1144    28.0046
      1.7026   133.1251    28.0046
      1.7006   133.1360    28.0046
      1.6986   133.1472    28.0046
      1.6966   133.1584    28.0046
      1.6946   133.1696    28.0046
      1.6926   133.1810    28.0046
      1.6906   133.1926    28.0046
      1.6886   133.2045    28.0046
      1.6883   133.2064    28.0046
      1.6866   133.2173    28.0046
      1.6846   133.2312    28.0046
      1.6826   133.2461    28.0046
      1.6806   133.2621    28.0046
      1.6786   133.2791    28.0046
      1.6766   133.2970    28.0046
      1.6745   133.3157    27.9766
      1.6725   133.3353    27.9766
      1.6705   133.3557    27.9766
      1.6685   133.3768    27.9766
      1.6680   133.3828    27.9766
      1.6665   133.3986    27.9766
      1.6645   133.4212    27.9766
      1.6625   133.4444    27.9766
      1.6605   133.4683    27.9766
      1.6585   133.4930    27.9766
      1.6565   133.5183    27.9766
      1.6545   133.5443    27.9766
      1.6534   133.5591    27.9766
      1.6525   133.5712    27.9766
      1.6505   133.5988    27.9766
      1.6485   133.6269    27.9766
      1.6465   133.6543    27.9766
      1.6445   133.6815    27.9766
      1.6425   133.7089    27.9766
      1.6406   133.7355    27.9766
      1.6405   133.7380    27.9766
      1.6385   133.7699    27.9766
      1.6365   133.8031    27.9766
      1.6345   133.8371    27.9766
      1.6325   133.8716    27.9766
      1.6305   133.9066    27.9766
      1.6302   133.9118    27.9766
      1.6285   133.9412    27.9766
      1.6265   133.9762    27.9766
      1.6244   134.0117    29.2499
      1.6224   134.0478    29.2499
      1.6204   134.0844    29.2499
      1.6202   134.0882    29.2499
      1.6184   134.1209    29.2499
      1.6164   134.1578    29.2499
      1.6144   134.1952    29.2499
      1.6124   134.2332    29.2499
      1.6108   134.2645    29.2499
      1.6104   134.2715    29.2499
      1.6084   134.3098    29.2499
      1.6064   134.3486    29.2499
      1.6044   134.3877    29.2499
      1.6024   134.4270    29.2499
      1.6017   134.4409    29.2499
      1.6004   134.4662    29.2499
      1.5984   134.5054    29.2499
      1.5964   134.5449    29.2499
      1.5944   134.5847    29.2499
      1.5928   134.6172    29.2499
      1.5924   134.6248    29.2499
      1.5904   134.6647    29.2499
      1.5884   134.7049    29.2499
      1.5864   134.7453    29.2499
      1.5844   134.7861    29.2499
      1.5840   134.7936    29.2499
      1.5824   134.8267    29.2499
      1.5804   134.8678    29.2499
      1.5784   134.9093    29.2499
      1.5764   134.9515    29.2499
      1.5755   134.9699    29.2499
      1.5743   134.9942    32.8706
      1.5723   135.0368    33.0823
      1.5703   135.0794    33.0823
      1.5683   135.1220    33.0823
      1.5672   135.1463    33.0823
      1.5663   135.1644    33.0823
      1.5643   135.2065    33.0823
      1.5623   135.2487    33.0823
      1.5603   135.2910    33.0823
      1.5588   135.3226    33.0823
      1.5583   135.3333    33.0823
      1.5563   135.3752    33.0823
      1.5543   135.4172    33.0823
      1.5523   135.4593    33.0823
      1.5504   135.4990    33.0823
      1.5503   135.5014    33.0823
      1.5483   135.5430    33.0823
      1.5463   135.5848    33.0823
      1.5443   135.6268    33.0823
      1.5423   135.6689    33.0823
      1.5420   135.6754    33.0823
      1.5403   135.7107    33.0823
      1.5383   135.7525    33.0823
      1.5363   135.7945    33.0823
      1.5343   135.8366    33.0823
      1.5335   135.8517    33.0823
      1.5323   135.8785    33.0823
      1.5303   135.9203    33.0823
      1.5283   135.9623    33.0823
      1.5263   136.0044    33.0823
      1.5251   136.0281    33.0823
      1.5242   136.0464    41.5608
      1.5222   136.0883    41.5608
      1.5202   136.1303    41.5608
      1.5182   136.1724    41.5608
      1.5167   136.2044    41.5608
      1.5162   136.2145    41.5608
      1.5142   136.2562    41.5608
      1.5122   136.2981    41.5608
      1.5102   136.3400    41.5608
      1.5083   136.3808    41.5608
      1.5082   136.3819    41.5608
      1.5062   136.4231    41.5608
      1.5042   136.4640    41.5608
      1.5022   136.5046    41.5608
      1.5002   136.5448    41.5608
      1.4996   136.5571    41.5608
      1.4982   136.5845    41.5608
      1.4962   136.6240    41.5608
      1.4942   136.6637    41.5608
      1.4922   136.7035    41.5608
      1.4907   136.7335    41.5608
      1.4902   136.7432    41.5608
      1.4882   136.7825    41.5608
      1.4862   136.8218    41.5608
      1.4842   136.8611    41.5608
      1.4822   136.9004    41.5608
      1.4817   136.9098    41.5608
      1.4802   136.9392    41.5608
      1.4782   136.9777    41.5608
      1.4762   137.0163    44.0512
      1.4741   137.0548    60.4899
      1.4725   137.0862    60.4899
      1.4721   137.0929    60.4899
      1.4701   137.1301    60.4899
      1.4681   137.1672    60.4899
      1.4661   137.2040    60.4899
      1.4641   137.2407    60.4899
      1.4629   137.2625    60.4899
      1.4621   137.2769    60.4899
      1.4601   137.3123    60.4899
      1.4581   137.3476    60.4899
      1.4561   137.3826    60.4899
      1.4541   137.4173    60.4899
      1.4529   137.4389    60.4899
      1.4521   137.4515    60.4899
      1.4501   137.4849    60.4899
      1.4481   137.5181    60.4899
      1.4461   137.5513    60.4899
      1.4441   137.5845    60.4899
      1.4422   137.6152    60.4899
      1.4421   137.6176    60.4899
      1.4401   137.6498    60.4899
      1.4381   137.6820    60.4899
      1.4361   137.7142    60.4899
      1.4341   137.7463    60.4899
      1.4321   137.7784    60.4899
      1.4312   137.7916    60.4899
      1.4301   137.8100    60.4899
      1.4281   137.8412    60.4899
      1.4261   137.8724    60.4899
      1.4240   137.9035    85.5070
      1.4220   137.9345    85.5070
      1.4200   137.9655    85.5070
      1.4199   137.9679    85.5070
      1.4180   137.9957    85.5070
      1.4160   138.0259    85.5070
      1.4140   138.0559    85.5070
      1.4120   138.0858    85.5070
      1.4100   138.1157    85.5070
      1.4081   138.1443    85.5070
      1.4080   138.1455    85.5070
      1.4060   138.1746    85.5070
      1.4040   138.2036    85.5070
      1.4020   138.2323    85.5070
      1.4000   138.2607    85.5070
