1.7	90.0	0.55755607	-184.23862440	-184.25999997	
1.7	90.5	0.55757348	-184.23863537	-184.26000903	
1.7	91.0	0.55761475	-184.23866602	-184.26003076	
1.7	91.5	0.55766757	-184.23871255	-184.26005798	
1.7	92.0	0.55772883	-184.23877251	-184.26008755	
1.7	92.5	0.55779900	-184.23884467	-184.26011851	
1.7	93.0	0.55787903	-184.23892849	-184.26015058	
1.7	93.5	0.55796969	-184.23902371	-184.26018358	
1.7	94.0	0.55807154	-184.23913024	-184.26021745	
1.7	94.5	0.55818500	-184.23924807	-184.26025211	
1.7	95.0	0.55831038	-184.23937676	-184.26028728	
1.7	95.5	0.55844796	-184.23951786	-184.26032345	
1.71	90.0	0.55730481	-184.24161917	-184.25903661	
1.71	90.5	0.55731813	-184.24162801	-184.25904346	
1.71	91.0	0.55735266	-184.24165336	-184.25906122	
1.71	91.5	0.55740032	-184.24169290	-184.25908517	
1.71	92.0	0.55745740	-184.24174474	-184.25911235	
1.71	92.5	0.55752335	-184.24180772	-184.25914144	
1.71	93.0	0.55759844	-184.24188123	-184.25917185	
1.71	93.5	0.55768319	-184.24196494	-184.25920326	
1.71	94.0	0.55777809	-184.24205870	-184.25923553	
1.71	94.5	0.55788351	-184.24216246	-184.25926852	
1.71	95.0	0.55799976	-184.24227623	-184.25930214	
1.71	95.5	0.55812712	-184.24239948	-184.25933562	
1.72	90.0	0.55706555	-184.24451974	-184.25809326	
1.72	90.5	0.55707610	-184.24452693	-184.25809855	
1.72	91.0	0.55710503	-184.24454786	-184.25811296	
1.72	91.5	0.55714734	-184.24458117	-184.25813355	
1.72	92.0	0.55719982	-184.24462551	-184.25815792	
1.72	92.5	0.55726123	-184.24467991	-184.25818466	
1.72	93.0	0.55733138	-184.24474377	-184.25821297	
1.72	93.5	0.55741054	-184.24481673	-184.25824245	
1.72	94.0	0.55749911	-184.24489860	-184.25827286	
1.72	94.5	0.55759711	-184.24498931	-184.25830395	
1.72	95.0	0.55770503	-184.24508881	-184.25833565	
1.72	95.5	0.55782307	-184.24519715	-184.25836782	
1.73	90.0	0.55683776	-184.24732880	-184.25717339	
1.73	90.5	0.55684635	-184.24733466	-184.25717753	
1.73	91.0	0.55687072	-184.24735191	-184.25718918	
1.73	91.5	0.55690796	-184.24737974	-184.25720654	
1.73	92.0	0.55695561	-184.24741726	-184.25722787	
1.73	92.5	0.55701234	-184.24746372	-184.25725189	
1.73	93.0	0.55707761	-184.24751860	-184.25727774	
1.73	93.5	0.55715135	-184.24758156	-184.25730491	
1.73	94.0	0.55723373	-184.24765238	-184.25733308	
1.73	94.5	0.55732495	-184.24773096	-184.25736202	
1.73	95.0	0.55742521	-184.24781725	-184.25739154	
1.73	95.5	0.55753476	-184.24791126	-184.25742154	
1.74	90.0	0.55662079	-184.25004899	-184.25628030	
1.74	90.5	0.55662796	-184.25005376	-184.25628357	
1.74	91.0	0.55664872	-184.25006791	-184.25629296	
1.74	91.5	0.55668140	-184.25009096	-184.25630738	
1.74	92.0	0.55672429	-184.25012235	-184.25632565	
1.74	92.5	0.55677622	-184.25016155	-184.25634668	
1.74	93.0	0.55683655	-184.25020814	-184.25636974	
1.74	93.5	0.55690503	-184.25026181	-184.25639427	
1.74	94.0	0.55698163	-184.25032238	-184.25641989	
1.74	94.5	0.55706643	-184.25038972	-184.25644635	
1.74	95.0	0.55715956	-184.25046378	-184.25647342	
1.74	95.5	0.55726121	-184.25054455	-184.25650096	
1.75	90.0	0.55641409	-184.25268287	-184.25541714	
1.75	90.5	0.55642018	-184.25268674	-184.25541973	
1.75	91.0	0.55643806	-184.25269826	-184.25542725	
1.75	91.5	0.55646676	-184.25271716	-184.25543904	
1.75	92.0	0.55650519	-184.25274309	-184.25545434	
1.75	92.5	0.55655242	-184.25277571	-184.25547232	
1.75	93.0	0.55660785	-184.25281469	-184.25549237	
1.75	93.5	0.55667113	-184.25285981	-184.25551396	
1.75	94.0	0.55674213	-184.25291090	-184.25553674	
1.75	94.5	0.55682084	-184.25296784	-184.25556039	
1.75	95.0	0.55690732	-184.25303059	-184.25558471	
1.75	95.5	0.55700166	-184.25309911	-184.25560953	
1.76	90.0	0.55621710	-184.25523297	-184.25458681	
1.76	90.5	0.55622235	-184.25523608	-184.25458885	
1.76	91.0	0.55623791	-184.25524535	-184.25459479	
1.76	91.5	0.55626321	-184.25526064	-184.25460430	
1.76	92.0	0.55629756	-184.25528175	-184.25461680	
1.76	92.5	0.55634032	-184.25530844	-184.25463176	
1.76	93.0	0.55639098	-184.25534050	-184.25464869	
1.76	93.5	0.55644920	-184.25537779	-184.25466717	
1.76	94.0	0.55651479	-184.25542015	-184.25468684	
1.76	94.5	0.55658766	-184.25546751	-184.25470742	
1.76	95.0	0.55666782	-184.25551981	-184.25472870	
1.76	95.5	0.55675532	-184.25557703	-184.25475049	
1.77	90.0	0.55602935	-184.25770174	-184.25379195	
1.77	90.5	0.55603394	-184.25770420	-184.25379352	
1.77	91.5	0.55606996	-184.25772370	-184.25380557	
1.77	92.0	0.55610068	-184.25774053	-184.25381551	
1.77	92.5	0.55613929	-184.25776193	-184.25382757	
1.77	93.0	0.55618541	-184.25778776	-184.25384140	
1.77	93.5	0.55623875	-184.25781791	-184.25385666	
1.77	94.0	0.55629911	-184.25785229	-184.25387306	
1.77	94.5	0.55636640	-184.25789084	-184.25389040	
1.77	95.0	0.55644055	-184.25793353	-184.25390839	
1.77	95.5	0.55652158	-184.25798035	-184.25392689	
1.78	90.0	0.55585033	-184.26009161	-184.25303480	
1.78	90.5	0.55585437	-184.26009351	-184.25303598	
1.78	91.0	0.55586644	-184.26009918	-184.25303945	
1.78	91.5	0.55588635	-184.26010858	-184.25304509	
1.78	92.0	0.55591385	-184.26012166	-184.25305270	
1.78	92.5	0.55594865	-184.26013835	-184.25306203	
1.78	93.0	0.55599053	-184.26015857	-184.25307286	
1.78	93.5	0.55603924	-184.26018226	-184.25308491	
1.78	94.0	0.55609462	-184.26020938	-184.25309799	
1.78	94.5	0.55615656	-184.26023989	-184.25311188	
1.78	95.0	0.55622498	-184.26027377	-184.25312642	
1.78	95.5	0.55629988	-184.26031104	-184.25314145	
1.79	90.0	0.55567963	-184.26240491	-184.25231725	
1.79	90.5	0.55568322	-184.26240631	-184.25231809	
1.79	91.0	0.55569395	-184.26241054	-184.25232060	
1.79	91.5	0.55571173	-184.26241754	-184.25232465	
1.79	92.0	0.55573641	-184.26242731	-184.25233017	
1.79	92.5	0.55576782	-184.26243981	-184.25233698	
1.79	93.0	0.55580580	-184.26245502	-184.25234493	
1.79	93.5	0.55585018	-184.26247290	-184.25235386	
1.79	94.0	0.55590085	-184.26249344	-184.25236361	
1.79	94.5	0.55595769	-184.26251664	-184.25237403	
1.79	95.0	0.55602067	-184.26254249	-184.25238500	
1.79	95.5	0.55608971	-184.26257101	-184.25239639	
1.8	90.0	0.55551682	-184.26464393	-184.25164082	
1.8	90.5	0.55552003	-184.26464491	-184.25164137	
1.8	91.0	0.55552962	-184.26464786	-184.25164299	
1.8	91.5	0.55554555	-184.26465276	-184.25164563	
1.8	92.0	0.55556774	-184.26465961	-184.25164924	
1.8	92.5	0.55559608	-184.26466840	-184.25165372	
1.8	93.0	0.55563049	-184.26467913	-184.25165897	
1.8	93.5	0.55567087	-184.26469181	-184.25166491	
1.8	94.0	0.55571712	-184.26470643	-184.25167142	
1.8	94.5	0.55576919	-184.26472300	-184.25167843	
1.8	95.0	0.55582702	-184.26474156	-184.25168583	
1.8	95.5	0.55589064	-184.26476212	-184.25169356	
