      1.0000   120.3733    98.1781
      1.0204   119.6419    84.3095
      1.0390   119.0204    72.4163
      1.0408   118.9549    71.2898
      1.0612   118.3112    60.5386
      1.0816   117.7540    51.9835
      1.0958   117.4082    47.1430
      1.1020   117.2464    45.1797
      1.1224   116.7651    39.4312
      1.1429   116.3319    34.8785
      1.1633   115.9469    31.3336
      1.1724   115.7959    30.0287
      1.1837   115.6010    28.6543
      1.2041   115.3002    26.6402
      1.2245   115.0530    25.1098
      1.2449   114.8634    24.0802
      1.2653   114.7390    23.4241
      1.2857   114.6782    23.0556
      1.3061   114.6811    22.9102
      1.3265   114.7499    22.9236
      1.3469   114.8902    23.0332
      1.3673   115.1204    23.1981
      1.3878   115.4480    23.3755
      1.4044   115.7959    23.5104
      1.4082   115.8766    23.5390
      1.4286   116.4244    23.6558
      1.4490   117.1300    23.7141
      1.4556   117.4082    23.7240
      1.4694   118.0253    23.6894
      1.4877   119.0204    23.6033
      1.4898   119.1397    23.5880
      1.5102   120.4838    23.4212
      1.5122   120.6327    23.3906
      1.5306   122.0804    23.1948
      1.5325   122.2449    23.1763
      1.5497   123.8571    22.9398
      1.5510   123.9897    22.9314
      1.5649   125.4694    22.7423
      1.5714   126.2071    22.6475
      1.5786   127.0816    22.5497
      1.5910   128.6939    22.3762
      1.5918   128.8014    22.3667
      1.6025   130.3061    22.2439
      1.6122   131.8030    22.1231
      1.6130   131.9184    22.1138
      1.6229   133.5306    21.9905
      1.6319   135.1429    21.9210
      1.6327   135.2805    21.9152
      1.6405   136.7551    21.8469
      1.6486   138.3673    21.7763
      1.6531   139.3395    21.7616
      1.6560   139.9796    21.7494
      1.6631   141.5918    21.7188
      1.6699   143.2041    21.6791
      1.6735   144.1358    21.7193
      1.6761   144.8163    21.6880
      1.6824   146.4286    21.6624
      1.6878   148.0408    21.6888
      1.6926   149.6531    21.6966
      1.6939   150.0505    21.7344
      1.6979   151.2653    21.7141
      1.7026   152.8776    21.7260
      1.7065   154.4898    21.7353
      1.7107   156.1020    21.7758
      1.7141   157.7143    21.8013
      1.7143   157.7987    21.8124
      1.7180   159.3265    21.8216
      1.7210   160.9388    21.8491
      1.7240   162.5510    21.8709
      1.7258   164.1633    21.8780
      1.7285   165.7755    21.9162
      1.7313   167.3878    21.9201
      1.7323   169.0000    21.9719
