[[  1.65188746  90.        ]
 [  1.63265306  91.46660977]
 [  1.63058389  91.6122449 ]
 [  1.6122449   92.92701461]
 [  1.6076884   93.2244898 ]
 [  1.59183673  94.2875397 ]
 [  1.58257621  94.83673469]
 [  1.57142857  95.52648874]
 [  1.55444089  96.44897959]
 [  1.55102041  96.63953106]
 [  1.53061224  97.6221183 ]
 [  1.51983145  98.06122449]
 [  1.51020408  98.46695947]
 [  1.48979592  99.18258878]
 [  1.47226519  99.67346939]
 [  1.46938776  99.75710155]
 [  1.44897959 100.2468114 ]
 [  1.42857143 100.60843463]
 [  1.40816327 100.8794459 ]
 [  1.3877551  101.06315271]
 [  1.36734694 101.1750983 ]
 [  1.34693878 101.22550646]
 [  1.32653061 101.2176599 ]
 [  1.30612245 101.16910772]
 [  1.28571429 101.08019757]
 [  1.26530612 100.96191223]
 [  1.24489796 100.81226123]
 [  1.2244898  100.63436536]
 [  1.20408163 100.42992696]
 [  1.18367347 100.19031342]
 [  1.16326531  99.92257407]
 [  1.1451612   99.67346939]
 [  1.14285714  99.64155268]
 [  1.12244898  99.26631433]
 [  1.10204082  98.71049044]
 [  1.08816427  98.06122449]
 [  1.08163265  97.64313979]
 [  1.07475784  96.99208952]]
/n/n
[[  1.         120.37325149]
 [  1.02040816 119.64192512]
 [  1.03896046 119.02040816]
 [  1.04081633 118.95492565]
 [  1.06122449 118.31120534]
 [  1.08163265 117.75395261]
 [  1.09575435 117.40816327]
 [  1.10204082 117.24637067]
 [  1.12244898 116.76507198]
 [  1.14285714 116.33189747]
 [  1.16326531 115.94691123]
 [  1.17239842 115.79591837]
 [  1.18367347 115.60102766]
 [  1.20408163 115.30018661]
 [  1.2244898  115.05303438]
 [  1.24489796 114.86343761]
 [  1.26530612 114.73896511]
 [  1.28571429 114.67819998]
 [  1.30612245 114.68110252]
 [  1.32653061 114.74986705]
 [  1.34693878 114.89023936]
 [  1.36734694 115.12039773]
 [  1.3877551  115.44803495]
 [  1.40436924 115.79591837]
 [  1.40816327 115.87663053]
 [  1.42857143 116.42440649]
 [  1.44897959 117.12996801]
 [  1.45556883 117.40816327]
 [  1.46938776 118.0252679 ]
 [  1.48767878 119.02040816]
 [  1.48979592 119.13970972]
 [  1.51020408 120.48376259]
 [  1.51217592 120.63265306]
 [  1.53061224 122.08039034]
 [  1.53248273 122.24489796]
 [  1.54966178 123.85714286]
 [  1.55102041 123.98966533]
 [  1.56493779 125.46938776]
 [  1.57142857 126.20706224]
 [  1.57863731 127.08163265]
 [  1.59103866 128.69387755]
 [  1.59183673 128.80142523]
 [  1.60248338 130.30612245]
 [  1.6122449  131.80296288]
 [  1.61297328 131.91836735]
 [  1.6229467  133.53061224]
 [  1.63191126 135.14285714]
 [  1.63265306 135.28052247]
 [  1.64051217 136.75510204]
 [  1.6485749  138.36734694]
 [  1.65306122 139.33948416]
 [  1.65599369 139.97959184]
 [  1.66305603 141.59183673]
 [  1.66993561 143.20408163]
 [  1.67346939 144.13578156]
 [  1.67608091 144.81632653]
 [  1.68244395 146.42857143]
 [  1.6877987  148.04081633]
 [  1.69259602 149.65306122]
 [  1.69387755 150.05045223]
 [  1.69789529 151.26530612]
 [  1.70259248 152.87755102]
 [  1.70648857 154.48979592]
 [  1.71072128 156.10204082]
 [  1.71408748 157.71428571]
 [  1.71428571 157.7987099 ]
 [  1.71803162 159.32653061]
 [  1.72096015 160.93877551]
 [  1.72404832 162.55102041]
 [  1.7258238  164.16326531]
 [  1.72846374 165.7755102 ]
 [  1.7312953  167.3877551 ]
 [  1.73226595 169.        ]]
/n/n
