      1.0000   103.0000   118.4732
      1.0000   104.0000   117.0010
      1.0000   105.0000   115.4626
      1.0000   106.0000   113.9175
      1.0000   107.0000   112.3957
      1.0000   108.0000   110.9156
      1.0000   109.0000   109.4887
      1.0000   110.0000   108.1225
      1.0000   111.0000   106.8224
      1.0000   112.0000   105.5917
      1.0000   113.0000   104.4328
      1.0000   114.0000   103.3474
      1.0000   115.0000   102.3365
      1.0000   116.0000   101.4007
      1.0000   117.0000   100.5401
      1.0000   118.0000    99.7545
      1.0000   119.0000    99.0437
      1.0000   120.0000    98.4071
      1.0000   121.0000    97.8439
      1.0000   122.0000    97.3533
      1.0000   123.0000    96.9344
      1.0000   124.0000    96.5861
      1.0000   125.0000    96.3075
      1.0000   126.0000    96.0972
      1.0000   127.0000    95.9543
      1.0000   128.0000    95.8775
      1.0000   129.0000    95.8655
      1.0000   130.0000    95.9172
      1.0000   131.0000    96.0312
      1.0000   132.0000    96.2064
      1.0000   133.0000    96.4414
      1.0000   135.0000    97.0727
      1.0000   136.0000    97.4819
      1.0000   137.0000    97.9478
      1.0000   138.0000    98.5887
      1.0000   139.0000    99.1605
      1.0000   140.0000    99.7802
      1.0000   141.0000   100.4475
      1.0000   142.0000   101.1614
      1.0000   143.0000   101.9205
      1.0000   144.0000   102.7232
      1.0000   145.0000   103.5680
      1.0000   146.0000   104.4533
      1.0000   147.0000   105.3771
      1.0000   148.0000   106.3376
      1.0000   158.0000   117.3501
      1.0000   159.0000   118.5104
      1.0000   160.0000   119.6609
      1.0000   161.0000   120.7937
      1.0000   162.0000   121.8998
      1.0000   163.0000   122.9692
      1.0000   164.0000   123.9903
      1.0000   166.0000   125.8371
      1.0000   167.0000   126.6371
      1.0000   168.0000   127.3406
      1.0000   169.0000   127.9425
      1.0500    99.0000    94.3822
      1.0500   100.0000    92.3639
      1.0500   101.0000    90.3395
      1.0500   102.0000    88.3442
      1.0500   103.0000    86.3968
      1.0500   104.0000    84.5093
      1.0500   105.0000    82.6903
      1.0500   106.0000    80.9460
      1.0500   107.0000    79.2814
      1.0500   108.0000    77.7000
      1.0500   109.0000    76.2042
      1.0500   110.0000    74.7951
      1.0500   111.0000    73.4729
      1.0500   112.0000    72.2372
      1.0500   113.0000    71.0875
      1.0500   114.0000    70.0225
      1.0500   115.0000    69.0413
      1.0500   116.0000    68.1424
      1.0500   117.0000    67.3263
      1.0500   118.0000    66.5882
      1.0500   119.0000    65.9263
      1.0500   120.0000    65.3427
      1.0500   121.0000    64.8342
      1.0500   122.0000    64.3992
      1.0500   123.0000    64.0361
      1.0500   124.0000    63.7434
      1.0500   125.0000    63.5196
      1.0500   126.0000    63.3630
      1.0500   127.0000    63.2723
      1.0500   128.0000    63.2459
      1.0500   129.0000    63.2823
      1.0500   130.0000    63.3800
      1.0500   131.0000    63.5375
      1.0500   132.0000    63.7529
      1.0500   136.0000    65.2412
      1.0500   137.0000    65.7360
      1.0500   138.0000    66.2753
      1.0500   139.0000    66.8609
      1.0500   140.0000    67.4921
      1.0500   141.0000    68.1676
      1.0500   142.0000    68.8858
      1.0500   143.0000    69.6451
      1.0500   144.0000    70.4439
      1.0500   145.0000    71.2802
      1.0500   146.0000    72.1522
      1.0500   147.0000    73.0577
      1.0500   148.0000    73.9946
      1.0500   149.0000    74.9604
      1.0500   150.0000    75.9525
      1.0500   162.0000    88.5428
      1.0500   163.0000    89.4799
      1.0500   167.0000    92.5874
      1.1000    94.0000    84.5904
      1.1000    95.0000    82.1829
      1.1000    96.0000    79.7370
      1.1000    97.0000    77.3124
      1.1000    98.0000    74.9354
      1.1000    99.0000    72.6215
      1.1000   100.0000    70.3811
      1.1000   101.0000    68.2212
      1.1000   102.0000    66.1465
      1.1000   103.0000    64.1602
      1.1000   104.0000    62.2643
      1.1000   105.0000    60.4600
      1.1000   106.0000    58.7481
      1.1000   107.0000    57.1290
      1.1000   108.0000    55.6032
      1.1000   109.0000    54.1707
      1.1000   110.0000    52.8312
      1.1000   111.0000    51.5839
      1.1000   112.0000    50.4276
      1.1000   113.0000    49.3606
      1.1000   114.0000    48.3810
      1.1000   115.0000    47.4868
      1.1000   116.0000    46.6760
      1.1000   117.0000    45.9464
      1.1000   118.0000    45.2962
      1.1000   119.0000    44.7233
      1.1000   120.0000    44.2257
      1.1000   121.0000    43.8015
      1.1000   122.0000    43.4489
      1.1000   123.0000    43.1660
      1.1000   124.0000    42.9510
      1.1000   125.0000    42.8021
      1.1000   126.0000    42.7178
      1.1000   127.0000    42.6962
      1.1000   128.0000    42.7357
      1.1000   129.0000    42.8347
      1.1000   132.0000    43.4535
      1.1000   133.0000    43.7835
      1.1000   134.0000    44.2038
      1.1000   135.0000    44.6422
      1.1000   136.0000    45.1187
      1.1000   137.0000    45.6402
      1.1000   138.0000    46.2063
      1.1000   139.0000    46.8161
      1.1000   140.0000    47.4681
      1.1000   141.0000    48.1608
      1.1000   142.0000    48.8924
      1.1000   143.0000    49.6613
      1.1000   144.0000    50.4656
      1.1000   145.0000    51.3034
      1.1000   146.0000    52.1727
      1.1000   147.0000    53.0711
      1.1000   148.0000    53.9965
      1.1000   149.0000    54.9472
      1.1500    90.0000    81.3124
      1.1500    91.0000    78.6075
      1.1500    92.0000    75.8572
      1.1500    93.0000    73.1113
      1.1500    94.0000    70.4009
      1.1500    95.0000    67.7476
      1.1500    96.0000    65.1668
      1.1500    97.0000    62.6696
      1.1500    98.0000    60.2634
      1.1500    99.0000    57.9534
      1.1500   100.0000    55.7428
      1.1500   101.0000    53.6336
      1.1500   102.0000    51.6264
      1.1500   103.0000    49.7213
      1.1500   104.0000    47.9175
      1.1500   105.0000    46.2141
      1.1500   106.0000    44.6098
      1.1500   107.0000    43.1030
      1.1500   108.0000    41.6924
      1.1500   109.0000    40.3766
      1.1500   110.0000    39.1541
      1.1500   111.0000    38.0233
      1.1500   112.0000    36.9826
      1.1500   113.0000    36.0300
      1.1500   114.0000    35.1634
      1.1500   115.0000    34.3806
      1.1500   116.0000    33.6792
      1.1500   117.0000    33.0570
      1.1500   118.0000    32.5118
      1.1500   119.0000    32.0412
      1.1500   120.0000    31.6431
      1.1500   121.0000    31.3155
      1.1500   122.0000    31.0563
      1.1500   123.0000    30.8636
      1.1500   124.0000    30.7355
      1.1500   125.0000    30.6701
      1.1500   126.0000    30.6657
      1.1500   127.0000    30.7205
      1.1500   128.0000    30.8325
      1.1500   129.0000    30.9995
      1.1500   131.0000    31.4982
      1.1500   132.0000    31.8557
      1.1500   133.0000    32.2505
      1.1500   134.0000    32.6792
      1.1500   135.0000    33.1511
      1.1500   136.0000    33.6671
      1.1500   137.0000    34.2263
      1.1500   138.0000    34.8275
      1.1500   139.0000    35.4692
      1.1500   140.0000    36.1500
      1.1500   141.0000    36.8681
      1.1500   142.0000    37.6219
      1.1500   143.0000    38.4097
      1.1500   144.0000    39.2296
      1.1500   145.0000    40.0796
      1.1500   146.0000    40.9577
      1.1500   147.0000    41.8617
      1.1500   148.0000    42.7893
      1.1500   149.0000    43.7379
      1.2000    90.0000    72.1962
      1.2000    91.0000    69.2739
      1.2000    92.0000    66.3875
      1.2000    93.0000    63.5637
      1.2000    94.0000    60.8210
      1.2000    95.0000    58.1723
      1.2000    96.0000    55.6258
      1.2000    97.0000    53.1869
      1.2000    98.0000    50.8585
      1.2000    99.0000    48.6420
      1.2000   100.0000    46.5374
      1.2000   101.0000    44.5439
      1.2000   102.0000    42.6602
      1.2000   103.0000    40.8843
      1.2000   104.0000    39.2142
      1.2000   105.0000    37.6476
      1.2000   106.0000    36.1819
      1.2000   107.0000    34.8148
      1.2000   108.0000    33.5438
      1.2000   109.0000    32.3666
      1.2000   110.0000    31.2810
      1.2000   111.0000    30.2847
      1.2000   112.0000    29.3755
      1.2000   113.0000    28.5513
      1.2000   114.0000    27.8098
      1.2000   115.0000    27.1485
      1.2000   116.0000    26.5653
      1.2000   117.0000    26.0576
      1.2000   118.0000    25.6234
      1.2000   119.0000    25.2602
      1.2000   120.0000    24.9660
      1.2000   121.0000    24.7387
      1.2000   122.0000    24.5762
      1.2000   123.0000    24.4766
      1.2000   124.0000    24.4379
      1.2000   125.0000    24.4585
      1.2000   126.0000    24.5366
      1.2000   128.0000    24.8576
      1.2000   129.0000    25.1108
      1.2000   130.0000    25.4360
      1.2000   131.0000    25.7950
      1.2000   132.0000    26.1886
      1.2000   133.0000    26.6236
      1.2000   134.0000    27.1019
      1.2000   135.0000    27.6230
      1.2000   136.0000    28.1860
      1.2000   137.0000    28.7897
      1.2000   138.0000    29.4326
      1.2000   139.0000    30.1133
      1.2000   140.0000    30.8304
      1.2000   141.0000    31.5822
      1.2000   142.0000    32.3672
      1.2000   143.0000    33.1837
      1.2000   144.0000    34.0298
      1.2000   145.0000    34.9037
      1.2000   146.0000    35.8034
      1.2000   147.0000    36.7268
      1.2000   148.0000    37.6717
      1.2000   149.0000    38.6354
      1.2000   150.0000    39.6154
      1.2000   151.0000    40.6089
      1.2000   152.0000    41.6125
      1.2500    90.0000    66.0039
      1.2500    91.0000    63.0080
      1.2500    92.0000    60.0976
      1.2500    93.0000    57.2939
      1.2500    94.0000    54.6077
      1.2500    95.0000    52.0432
      1.2500    96.0000    49.6016
      1.2500    97.0000    47.2826
      1.2500    98.0000    45.0853
      1.2500    99.0000    43.0080
      1.2500   100.0000    41.0483
      1.2500   101.0000    39.2037
      1.2500   102.0000    37.4713
      1.2500   103.0000    35.8479
      1.2500   104.0000    34.3306
      1.2500   105.0000    32.9162
      1.2500   106.0000    31.6015
      1.2500   107.0000    30.3837
      1.2500   108.0000    29.2598
      1.2500   109.0000    28.2270
      1.2500   110.0000    27.2827
      1.2500   111.0000    26.4242
      1.2500   112.0000    25.6491
      1.2500   113.0000    24.9550
      1.2500   114.0000    24.3394
      1.2500   115.0000    23.7999
      1.2500   116.0000    23.3342
      1.2500   117.0000    22.9400
      1.2500   118.0000    22.6152
      1.2500   119.0000    22.3575
      1.2500   120.0000    22.1648
      1.2500   121.0000    22.0352
      1.2500   122.0000    21.9669
      1.2500   123.0000    21.9578
      1.2500   124.0000    22.0064
      1.2500   125.0000    22.1111
      1.2500   126.0000    22.2717
      1.2500   127.0000    22.4981
      1.2500   128.0000    22.7973
      1.2500   129.0000    23.1381
      1.2500   130.0000    23.5063
      1.2500   131.0000    23.9132
      1.2500   132.0000    24.3622
      1.2500   133.0000    24.8537
      1.2500   134.0000    25.3870
      1.2500   135.0000    25.9612
      1.2500   136.0000    26.5750
      1.2500   137.0000    27.2273
      1.2500   138.0000    27.9168
      1.2500   139.0000    28.6421
      1.2500   140.0000    29.4019
      1.2500   141.0000    30.1947
      1.2500   142.0000    31.0191
      1.2500   143.0000    31.8735
      1.2500   144.0000    32.7563
      1.2500   145.0000    33.6657
      1.2500   146.0000    34.5999
      1.2500   147.0000    35.5570
      1.2500   148.0000    36.5347
      1.2500   149.0000    37.5308
      1.2500   150.0000    38.5428
      1.2500   151.0000    39.5678
      1.2500   156.0000    44.7710
      1.3000    90.0000    61.6058
      1.3000    91.0000    58.6499
      1.3000    92.0000    55.8166
      1.3000    93.0000    53.1151
      1.3000    95.0000    48.1271
      1.3000    96.0000    45.8367
      1.3000    97.0000    43.6761
      1.3000    98.0000    41.6412
      1.3000    99.0000    39.7283
      1.3000   100.0000    37.9336
      1.3000   101.0000    36.2532
      1.3000   102.0000    34.6834
      1.3000   103.0000    33.2206
      1.3000   104.0000    31.8609
      1.3000   105.0000    30.6010
      1.3000   106.0000    29.4376
      1.3000   107.0000    28.3672
      1.3000   108.0000    27.3868
      1.3000   109.0000    26.4934
      1.3000   110.0000    25.6843
      1.3000   111.0000    24.9567
      1.3000   112.0000    24.3081
      1.3000   113.0000    23.7358
      1.3000   114.0000    23.2375
      1.3000   115.0000    22.8108
      1.3000   116.0000    22.4535
      1.3000   117.0000    22.1633
      1.3000   118.0000    21.9382
      1.3000   119.0000    21.7760
      1.3000   120.0000    21.6749
      1.3000   121.0000    21.6331
      1.3000   122.0000    21.6489
      1.3000   123.0000    21.7209
      1.3000   124.0000    21.8482
      1.3000   125.0000    22.0337
      1.3000   126.0000    22.2924
      1.3000   127.0000    22.6181
      1.3000   128.0000    22.9736
      1.3000   129.0000    23.3556
      1.3000   130.0000    23.7761
      1.3000   131.0000    24.2379
      1.3000   132.0000    24.7413
      1.3000   133.0000    25.2857
      1.3000   134.0000    25.8702
      1.3000   135.0000    26.4939
      1.3000   136.0000    27.1557
      1.3000   137.0000    27.8546
      1.3000   138.0000    28.5894
      1.3000   139.0000    29.3589
      1.3000   140.0000    30.1621
      1.3000   141.0000    30.9976
      1.3000   142.0000    31.8643
      1.3000   143.0000    32.7608
      1.3000   144.0000    33.6856
      1.3000   145.0000    34.6374
      1.3000   146.0000    35.6143
      1.3000   147.0000    36.6147
      1.3000   152.0000    41.8755
      1.3000   153.0000    42.9641
      1.3000   154.0000    44.0625
      1.3000   155.0000    45.1666
      1.3000   156.0000    46.2717
      1.3000   157.0000    47.3729
      1.3000   158.0000    48.4648
      1.3000   159.0000    49.5414
      1.3000   160.0000    50.5961
      1.3000   161.0000    51.6216
      1.3000   162.0000    52.6097
      1.3000   163.0000    53.5516
      1.3000   164.0000    54.4386
      1.3000   165.0000    55.2617
      1.3000   166.0000    56.0133
      1.3000   167.0000    56.6876
      1.3000   168.0000    57.2819
      1.3000   169.0000    57.7978
      1.3500    90.0000    58.2163
      1.3500    91.0000    55.3895
      1.3500    92.0000    52.7034
      1.3500    93.0000    50.1573
      1.3500    94.0000    47.7572
      1.3500    95.0000    45.5053
      1.3500    96.0000    43.3920
      1.3500    97.0000    41.4089
      1.3500    98.0000    39.5502
      1.3500    99.0000    37.8108
      1.3500   100.0000    36.1862
      1.3500   101.0000    34.6718
      1.3500   102.0000    33.2636
      1.3500   103.0000    31.9575
      1.3500   104.0000    30.7498
      1.3500   105.0000    29.6368
      1.3500   106.0000    28.6150
      1.3500   107.0000    27.6811
      1.3500   108.0000    26.8321
      1.3500   109.0000    26.0651
      1.3500   110.0000    25.3771
      1.3500   111.0000    24.7654
      1.3500   112.0000    24.2276
      1.3500   113.0000    23.7611
      1.3500   114.0000    23.3635
      1.3500   115.0000    23.0327
      1.3500   116.0000    22.7663
      1.3500   117.0000    22.5624
      1.3500   118.0000    22.4190
      1.3500   119.0000    22.3341
      1.3500   120.0000    22.3062
      1.3500   121.0000    22.3334
      1.3500   122.0000    22.4145
      1.3500   123.0000    22.5482
      1.3500   124.0000    22.7345
      1.3500   126.0000    23.2951
      1.3500   127.0000    23.6658
      1.3500   128.0000    24.0870
      1.3500   129.0000    24.5146
      1.3500   130.0000    24.9773
      1.3500   131.0000    25.4791
      1.3500   132.0000    26.0206
      1.3500   133.0000    26.6012
      1.3500   134.0000    27.2204
      1.3500   135.0000    27.8773
      1.3500   137.0000    29.3010
      1.3500   138.0000    30.0661
      1.3500   139.0000    30.8653
      1.3500   140.0000    31.6980
      1.3500   141.0000    32.5630
      1.3500   142.0000    33.4593
      1.3500   143.0000    34.3857
      1.3500   145.0000    36.3210
      1.3500   146.0000    37.3300
      1.3500   147.0000    38.3636
      1.3500   148.0000    39.4217
      1.3500   149.0000    40.5032
      1.3500   150.0000    41.6070
      1.3500   151.0000    42.7316
      1.3500   152.0000    43.8752
      1.3500   153.0000    45.0361
      1.3500   154.0000    46.2120
      1.3500   155.0000    47.4004
      1.3500   156.0000    48.5983
      1.3500   157.0000    49.8025
      1.3500   158.0000    51.0088
      1.3500   159.0000    52.2126
      1.3500   160.0000    53.4082
      1.3500   161.0000    54.5888
      1.3500   162.0000    55.7463
      1.3500   163.0000    56.8712
      1.3500   164.0000    57.9523
      1.3500   165.0000    58.9769
      1.3500   166.0000    59.9313
      1.3500   167.0000    60.8018
      1.3500   168.0000    61.5764
      1.3500   169.0000    62.2473
      1.4000    90.0000    55.2904
      1.4000    91.0000    52.6378
      1.4000    92.0000    50.1207
      1.4000    93.0000    47.7527
      1.4000    94.0000    45.5484
      1.4000    95.0000    43.4909
      1.4000    96.0000    41.5661
      1.4000    97.0000    39.7660
      1.4000    98.0000    38.0844
      1.4000    99.0000    36.5161
      1.4000   100.0000    35.0562
      1.4000   101.0000    33.7002
      1.4000   102.0000    32.4438
      1.4000   103.0000    31.2832
      1.4000   104.0000    30.2144
      1.4000   105.0000    29.2339
      1.4000   106.0000    28.3383
      1.4000   107.0000    27.5245
      1.4000   108.0000    26.7893
      1.4000   109.0000    26.1299
      1.4000   110.0000    25.5437
      1.4000   111.0000    25.0279
      1.4000   112.0000    24.5800
      1.4000   113.0000    24.1978
      1.4000   114.0000    23.8789
      1.4000   115.0000    23.6212
      1.4000   116.0000    23.4227
      1.4000   117.0000    23.2815
      1.4500    90.0000    52.3028
      1.4500    91.0000    49.8326
      1.4500    92.0000    47.5349
      1.4500    94.0000    43.4190
      1.4500    95.0000    41.5620
      1.4500    96.0000    39.8265
      1.4500    97.0000    38.2063
      1.4500    98.0000    36.6958
      1.4500    99.0000    35.2902
      1.4500   100.0000    33.9848
      1.4500   101.0000    32.7751
      1.4500   102.0000    31.6573
      1.4500   103.0000    30.6273
      1.4500   104.0000    29.6816
      1.4500   105.0000    28.8168
      1.4500   106.0000    28.0296
      1.4500   107.0000    27.3169
      1.4500   108.0000    26.6760
      1.4500   109.0000    26.1039
      1.4500   110.0000    25.5982
      1.4500   111.0000    25.1564
      1.4500   112.0000    24.7760
      1.4500   113.0000    24.4550
      1.4500   114.0000    24.1912
      1.4500   115.0000    23.9826
      1.4500   116.0000    23.8274
      1.4500   117.0000    23.7238
      1.4500   118.0000    23.6701
      1.4500   119.0000    23.6647
      1.4500   120.0000    23.7062
      1.4500   121.0000    23.7932
      1.4500   122.0000    23.9242
      1.4500   123.0000    24.0982
      1.4500   124.0000    24.3139
      1.4500   125.0000    24.5702
      1.4500   126.0000    24.8661
      1.4500   127.0000    25.2007
      1.4500   128.0000    25.5731
      1.4500   129.0000    25.9827
      1.4500   131.0000    27.0063
      1.4500   132.0000    27.5257
      1.4500   133.0000    28.0773
      1.4500   135.0000    29.4153
      1.4500   136.0000    30.0733
      1.4500   138.0000    31.5486
      1.4500   140.0000    33.0646
      1.4500   141.0000    33.8644
      1.4500   142.0000    34.6921
      1.4500   143.0000    35.5474
      1.4500   144.0000    36.4300
      1.4500   145.0000    37.3393
      1.4500   146.0000    38.2748
      1.4500   147.0000    39.2361
      1.4500   148.0000    40.2226
      1.4500   149.0000    41.2338
      1.4500   150.0000    42.2693
      1.4500   151.0000    43.3284
      1.4500   152.0000    44.4107
      1.4500   153.0000    45.5155
      1.4500   154.0000    46.6424
      1.4500   155.0000    47.7908
      1.4500   156.0000    48.9599
      1.4500   157.0000    50.1493
      1.4500   158.0000    51.3581
      1.4500   159.0000    52.5857
      1.4500   160.0000    53.8313
      1.4500   161.0000    55.0940
      1.4500   162.0000    56.3728
      1.4500   163.0000    57.6668
      1.4500   164.0000    58.9746
      1.4500   165.0000    60.2949
      1.4500   166.0000    61.6261
      1.4500   167.0000    62.9661
      1.4500   168.0000    64.3126
      1.4500   169.0000    65.6622
      1.5000    90.0000    48.8586
      1.5000    91.0000    46.6927
      1.5000    92.0000    44.6666
      1.5000    93.0000    42.7693
      1.5000    94.0000    40.9936
      1.5000    95.0000    39.3330
      1.5000    96.0000    37.7820
      1.5000    97.0000    36.3353
      1.5000    98.0000    34.9881
      1.5000    99.0000    33.7357
      1.5000   100.0000    32.5740
      1.5000   101.0000    31.4989
      1.5000   102.0000    30.5065
      1.5000   103.0000    29.5934
      1.5000   104.0000    28.7560
      1.5000   105.0000    27.9913
      1.5000   106.0000    27.2962
      1.5000   107.0000    26.6678
      1.5000   108.0000    26.1034
      1.5000   109.0000    25.6006
      1.5000   110.0000    25.1568
      1.5000   111.0000    24.7699
      1.5000   112.0000    24.4377
      1.5000   113.0000    24.1580
      1.5000   114.0000    23.9291
      1.5000   115.0000    23.7491
      1.5000   116.0000    23.6162
      1.5000   117.0000    23.5289
      1.5000   118.0000    23.4856
      1.5000   119.0000    23.4849
      1.5000   120.0000    23.5254
      1.5000   121.0000    23.6059
      1.5000   122.0000    23.7250
      1.5000   123.0000    23.8817
      1.5000   124.0000    24.0748
      1.5000   125.0000    24.3035
      1.5000   126.0000    24.5666
      1.5000   127.0000    24.8632
      1.5000   128.0000    25.1926
      1.5000   129.0000    25.5538
      1.5000   130.0000    25.9460
      1.5000   131.0000    26.3686
      1.5000   132.0000    26.8207
      1.5000   133.0000    27.3017
      1.5000   134.0000    27.8108
      1.5000   135.0000    28.4667
      1.5000   136.0000    29.0357
      1.5000   137.0000    29.6293
      1.5000   138.0000    30.2486
      1.5000   140.0000    31.5637
      1.5000   143.0000    33.8500
      1.5000   144.0000    34.7648
      1.5000   145.0000    35.5552
      1.5000   146.0000    36.3644
      1.5000   147.0000    37.1929
      1.5000   148.0000    38.0404
      1.5000   149.0000    38.9062
      1.5000   150.0000    39.7894
      1.5000   151.0000    40.6893
      1.5000   152.0000    41.6050
      1.5000   153.0000    42.5354
      1.5000   154.0000    43.4795
      1.5000   155.0000    44.4362
      1.5000   156.0000    45.4041
      1.5000   157.0000    46.3819
      1.5000   158.0000    47.3679
      1.5000   159.0000    48.3604
      1.5000   160.0000    49.3576
      1.5000   161.0000    50.3570
      1.5000   162.0000    51.3564
      1.5000   163.0000    52.3528
      1.5000   164.0000    53.3430
      1.5000   165.0000    54.3233
      1.5000   166.0000    55.2896
      1.5000   167.0000    56.2369
      1.5000   168.0000    57.1599
      1.5000   169.0000    58.0523
      1.5500    90.0000    44.9664
      1.5500    91.0000    43.0598
      1.5500    92.0000    41.2713
      1.5500    93.0000    39.5953
      1.5500    94.0000    38.0262
      1.5500    95.0000    36.5590
      1.5500    96.0000    35.1887
      1.5500    97.0000    33.9108
      1.5500    98.0000    32.7209
      1.5500    99.0000    31.6151
      1.5500   100.0000    30.5894
      1.5500   101.0000    29.6402
      1.5500   102.0000    28.7642
      1.5500   103.0000    27.9580
      1.5500   104.0000    27.2185
      1.5500   105.0000    26.5430
      1.5500   106.0000    25.9286
      1.5500   107.0000    25.3729
      1.5500   108.0000    24.8732
      1.5500   109.0000    24.4274
      1.5500   110.0000    24.0332
      1.5500   111.0000    23.6887
      1.5500   112.0000    23.3918
      1.5500   113.0000    23.1407
      1.5500   114.0000    22.9337
      1.5500   115.0000    22.7691
      1.5500   116.0000    22.6453
      1.5500   117.0000    22.5610
      1.5500   119.0000    22.5050
      1.5500   120.0000    22.5307
      1.5500   121.0000    22.5907
      1.5500   122.0000    22.6839
      1.5500   123.0000    22.8091
      1.5500   124.0000    22.9654
      1.5500   125.0000    23.1517
      1.5500   126.0000    23.3673
      1.5500   127.0000    23.6112
      1.5500   128.0000    23.8825
      1.5500   129.0000    24.1806
      1.5500   130.0000    24.5044
      1.5500   131.0000    24.8535
      1.5500   132.0000    25.2268
      1.5500   133.0000    25.6239
      1.5500   134.0000    26.0439
      1.5500   135.0000    26.4861
      1.5500   136.0000    26.9498
      1.5500   137.0000    27.4344
      1.5500   138.0000    27.9390
      1.5500   140.0000    29.0059
      1.5500   141.0000    29.5666
      1.5500   142.0000    30.1445
      1.5500   143.0000    30.7389
      1.5500   144.0000    31.3490
      1.5500   145.0000    31.9740
      1.5500   147.0000    33.5822
      1.5500   148.0000    34.2550
      1.5500   149.0000    34.9390
      1.5500   151.0000    36.3368
      1.5500   152.0000    37.0482
      1.5500   153.0000    37.7663
      1.5500   154.0000    38.4899
      1.5500   155.0000    39.2176
      1.5500   156.0000    39.9480
      1.5500   157.0000    40.6799
      1.5500   158.0000    41.4124
      1.5500   163.0000    45.2425
      1.5500   164.0000    45.9307
      1.5500   165.0000    46.5999
      1.5500   166.0000    47.2476
      1.5500   167.0000    47.8708
      1.5500   168.0000    48.4663
      1.5500   169.0000    49.0310
      1.6000    90.0000    40.4625
      1.6000    91.0000    38.8096
      1.6000    92.0000    37.2579
      1.6000    93.0000    35.8026
      1.6000    94.0000    34.4394
      1.6000    95.0000    33.1639
      1.6000    96.0000    31.9721
      1.6000    97.0000    30.8599
      1.6000    98.0000    29.8239
      1.6000    99.0000    28.8604
      1.6000   100.0000    27.9661
      1.6000   101.0000    27.1379
      1.6000   102.0000    26.3728
      1.6000   103.0000    25.6679
      1.6000   104.0000    25.0207
      1.6000   105.0000    24.4285
      1.6000   106.0000    23.8890
      1.6000   107.0000    23.3998
      1.6000   108.0000    22.9589
      1.6000   109.0000    22.5642
      1.6000   110.0000    22.2138
      1.6000   111.0000    21.9059
      1.6000   113.0000    21.4106
      1.6000   114.0000    21.2200
      1.6000   115.0000    21.0656
      1.6000   116.0000    20.9458
      1.6000   117.0000    20.8594
      1.6000   118.0000    20.8052
      1.6000   121.0000    20.8239
      1.6000   122.0000    20.8870
      1.6000   123.0000    20.9769
      1.6000   124.0000    21.0926
      1.6000   126.0000    21.3981
      1.6000   128.0000    21.7968
      1.6000   129.0000    22.0291
      1.6000   130.0000    22.2824
      1.6000   131.0000    22.5559
      1.6000   132.0000    22.8489
      1.6000   133.0000    23.1607
      1.6000   134.0000    23.4906
      1.6000   135.0000    23.8379
      1.6000   136.0000    24.2019
      1.6000   137.0000    24.5818
      1.6000   138.0000    24.9769
      1.6000   139.0000    25.3865
      1.6000   140.0000    25.8099
      1.6000   141.0000    26.2462
      1.6000   142.0000    26.6948
      1.6000   143.0000    27.1548
      1.6000   145.0000    28.1056
      1.6000   146.0000    28.5947
      1.6000   147.0000    29.0917
      1.6000   148.0000    29.5957
      1.6000   150.0000    30.6206
      1.6000   151.0000    31.1393
      1.6000   152.0000    31.6608
      1.6000   153.0000    32.1839
      1.6000   154.0000    32.7073
      1.6000   156.0000    33.7499
      1.6000   158.0000    34.7779
      1.6000   159.0000    35.2829
      1.6000   160.0000    35.7798
      1.6000   161.0000    36.2672
      1.6000   162.0000    36.7435
      1.6000   163.0000    37.2071
      1.6000   165.0000    38.5219
      1.6000   166.0000    38.9499
      1.6000   167.0000    39.3574
      1.6000   168.0000    39.7430
      1.6000   169.0000    40.1051
      1.6500    90.0000    35.4736
      1.6500    91.0000    34.0667
      1.6500    92.0000    32.7444
      1.6500    93.0000    31.5031
      1.6500    94.0000    30.3390
      1.6500    95.0000    29.2487
      1.6500    96.0000    28.2289
      1.6500    97.0000    27.2764
      1.6500    98.0000    26.3882
      1.6500    99.0000    25.5613
      1.6500   100.0000    24.7929
      1.6500   101.0000    24.0805
      1.6500   102.0000    23.4214
      1.6500   103.0000    22.8133
      1.6500   104.0000    22.2539
      1.6500   105.0000    21.7410
      1.6500   106.0000    21.2727
      1.6500   107.0000    20.8469
      1.6500   108.0000    20.4618
      1.6500   109.0000    20.1157
      1.6500   110.0000    19.8068
      1.6500   111.0000    19.5337
      1.6500   112.0000    19.2948
      1.6500   113.0000    19.0888
      1.6500   114.0000    18.9142
      1.6500   115.0000    18.7698
      1.6500   116.0000    18.6544
      1.6500   117.0000    18.5668
      1.6500   118.0000    18.5059
      1.6500   119.0000    18.4708
      1.6500   120.0000    18.4604
      1.6500   121.0000    18.4737
      1.6500   122.0000    18.5099
      1.6500   123.0000    18.5681
      1.6500   124.0000    18.6474
      1.6500   125.0000    18.7472
      1.6500   126.0000    18.8665
      1.6500   127.0000    19.0046
      1.6500   128.0000    19.1609
      1.6500   129.0000    19.3346
      1.6500   130.0000    19.5250
      1.6500   131.0000    19.7314
      1.6500   132.0000    19.9532
      1.6500   133.0000    20.1898
      1.6500   134.0000    20.4403
      1.6500   135.0000    20.7043
      1.6500   137.0000    21.2697
      1.6500   138.0000    21.5699
      1.6500   139.0000    21.8807
      1.6500   140.0000    22.2016
      1.6500   141.0000    22.5319
      1.6500   142.0000    22.8707
      1.6500   143.0000    23.2175
      1.6500   144.0000    23.5715
      1.6500   145.0000    23.9318
      1.6500   146.0000    24.2979
      1.6500   147.0000    24.6687
      1.6500   148.0000    25.0436
      1.6500   149.0000    25.4217
      1.6500   150.0000    25.8021
      1.6500   151.0000    26.1840
      1.6500   152.0000    26.5665
      1.6500   153.0000    26.9485
      1.6500   154.0000    27.3293
      1.6500   155.0000    27.7078
      1.6500   156.0000    28.0831
      1.6500   157.0000    28.4540
      1.6500   158.0000    28.8197
      1.6500   159.0000    29.1790
      1.6500   160.0000    29.5309
      1.6500   161.0000    29.8744
      1.6500   162.0000    30.2084
      1.6500   163.0000    30.5319
      1.6500   164.0000    30.8437
      1.6500   165.0000    31.1429
      1.6500   166.0000    31.4284
      1.6500   169.0000    32.1930
      1.7500    90.0000    25.1576
      1.7500    91.0000    24.1690
      1.7500    92.0000    23.2383
      1.7500    93.0000    22.3630
      1.7500    94.0000    21.5409
      1.7500    95.0000    20.7695
      1.7500    96.0000    20.0468
      1.7500    97.0000    19.3705
      1.7500    98.0000    18.7387
      1.7500    99.0000    18.1492
      1.7500   100.0000    17.6003
      1.7500   101.0000    17.0901
      1.7500   102.0000    16.6168
      1.7500   103.0000    16.1788
      1.7500   104.0000    15.7746
      1.7500   105.0000    15.4025
      1.7500   106.0000    15.0611
      1.7500   107.0000    14.7491
      1.7500   108.0000    14.4652
      1.7500   109.0000    14.2081
      1.7500   110.0000    13.9767
      1.7500   111.0000    13.7697
      1.7500   112.0000    13.5862
      1.7500   113.0000    13.4251
      1.7500   114.0000    13.2855
      1.7500   115.0000    13.1664
      1.7500   116.0000    13.0669
      1.7500   117.0000    12.9863
      1.7500   118.0000    12.9236
      1.7500   119.0000    12.8782
      1.7500   120.0000    12.8493
      1.7500   121.0000    12.8362
      1.7500   122.0000    12.8382
      1.7500   123.0000    12.8548
      1.7500   124.0000    12.8852
      1.7500   125.0000    12.9288
      1.7500   126.0000    12.9851
      1.7500   127.0000    13.0536
      1.7500   128.0000    13.1336
      1.7500   129.0000    13.2246
      1.7500   132.0000    13.5585
      1.7500   133.0000    13.6884
      1.7500   134.0000    13.8267
      1.7500   135.0000    13.9730
      1.7500   136.0000    14.1267
      1.7500   137.0000    14.2874
      1.7500   138.0000    14.4546
      1.7500   139.0000    14.6277
      1.7500   140.0000    14.8064
      1.7500   141.0000    14.9900
      1.7500   142.0000    15.1782
      1.7500   143.0000    15.3703
      1.7500   144.0000    15.5660
      1.7500   145.0000    15.7646
      1.7500   146.0000    15.9658
      1.7500   147.0000    16.1689
      1.7500   148.0000    16.3734
      1.7500   149.0000    16.5790
      1.7500   150.0000    16.7850
      1.7500   151.0000    16.9908
      1.7500   152.0000    17.1961
      1.7500   153.0000    17.4003
      1.7500   154.0000    17.6027
      1.7500   155.0000    17.8031
      1.7500   156.0000    18.0007
      1.7500   157.0000    18.1950
      1.7500   158.0000    18.3857
      1.7500   159.0000    18.5721
      1.7500   160.0000    18.7538
      1.7500   161.0000    18.9302
      1.7500   162.0000    19.1008
      1.7500   163.0000    19.2653
      1.7500   164.0000    19.4231
      1.7500   165.0000    19.5738
      1.7500   166.0000    19.7170
      1.7500   167.0000    19.8522
      1.7500   168.0000    19.9791
      1.7500   169.0000    20.0972
      1.8000    90.0000    20.3142
      1.8000    91.0000    19.4893
      1.8000    92.0000    18.7123
      1.8000    93.0000    17.9813
      1.8000    94.0000    17.2944
      1.8000    95.0000    16.6495
      1.8000    96.0000    16.0450
      1.8000    97.0000    15.4791
      1.8000    98.0000    14.9499
      1.8000    99.0000    14.4559
      1.8000   100.0000    13.9955
      1.8000   101.0000    13.5672
      1.8000   102.0000    13.1695
      1.8000   103.0000    12.8010
      1.8000   104.0000    12.4604
      1.8000   105.0000    12.1465
      1.8000   106.0000    11.8579
      1.8000   107.0000    11.5937
      1.8000   108.0000    11.3526
      1.8000   109.0000    11.1337
      1.8000   110.0000    10.9359
      1.8000   111.0000    10.7584
      1.8000   112.0000    10.6001
      1.8000   113.0000    10.4603
      1.8000   114.0000    10.3381
      1.8000   115.0000    10.2327
      1.8000   116.0000    10.1435
      1.8000   117.0000    10.0696
      1.8000   118.0000    10.0105
      1.8000   119.0000     9.9654
      1.8000   120.0000     9.9338
      1.8000   121.0000     9.9151
      1.8000   122.0000     9.9086
      1.8000   123.0000     9.9139
      1.8000   124.0000     9.9304
      1.8000   125.0000     9.9575
      1.8000   126.0000     9.9949
      1.8000   127.0000    10.0420
      1.8000   128.0000    10.0983
      1.8000   129.0000    10.1634
      1.8000   130.0000    10.2368
      1.8000   131.0000    10.3181
      1.8000   132.0000    10.4069
      1.8000   133.0000    10.5027
      1.8000   134.0000    10.6051
      1.8000   135.0000    10.7137
      1.8000   136.0000    10.8281
      1.8000   137.0000    10.9478
      1.8000   138.0000    11.0724
      1.8000   139.0000    11.2016
      1.8000   140.0000    11.3350
      1.8000   141.0000    11.4721
      1.8000   142.0000    11.6125
      1.8000   143.0000    11.7559
      1.8000   144.0000    11.9017
      1.8000   145.0000    12.0498
      1.8000   146.0000    12.1995
      1.8000   147.0000    12.3506
      1.8000   148.0000    12.5026
      1.8000   149.0000    12.6551
      1.8000   150.0000    12.8078
      1.8000   151.0000    12.9602
      1.8000   152.0000    13.1120
      1.8000   153.0000    13.2628
      1.8000   154.0000    13.4120
      1.8000   155.0000    13.5595
      1.8000   156.0000    13.7048
      1.8000   157.0000    13.8474
      1.8000   158.0000    13.9872
      1.8000   159.0000    14.1236
      1.8000   160.0000    14.2563
      1.8000   161.0000    14.3850
      1.8000   162.0000    14.5094
      1.8000   163.0000    14.6290
      1.8000   164.0000    14.7437
      1.8000   165.0000    14.8530
      1.8000   166.0000    14.9567
      1.8000   167.0000    15.0545
      1.8000   168.0000    15.1462
      1.8000   169.0000    15.2315
      1.8500    90.0000    15.8624
      1.8500    91.0000    15.1743
      1.8500    92.0000    14.5261
      1.8500    93.0000    13.9162
      1.8500    94.0000    13.3428
      1.8500    95.0000    12.8045
      1.8500    96.0000    12.2996
      1.8500    97.0000    11.8266
      1.8500   102.0000     9.8931
      1.8500   103.0000     9.5838
      1.8500   104.0000     9.2975
      1.8500   105.0000     9.0333
      1.8500   106.0000     8.7901
      1.8500   107.0000     8.5670
      1.8500   108.0000     8.3630
      1.8500   109.0000     8.1773
      1.8500   110.0000     8.0090
      1.8500   111.0000     7.8574
      1.8500   112.0000     7.7217
      1.8500   113.0000     7.6012
      1.8500   114.0000     7.4951
      1.8500   115.0000     7.4029
      1.8500   116.0000     7.3239
      1.8500   117.0000     7.2576
      1.8500   118.0000     7.2033
      1.8500   119.0000     7.1605
      1.8500   120.0000     7.1287
      1.8500   121.0000     7.1073
      1.8500   122.0000     7.0960
      1.8500   123.0000     7.0942
      1.8500   124.0000     7.1015
      1.8500   125.0000     7.1175
      1.8500   126.0000     7.1416
      1.8500   127.0000     7.1736
      1.8500   128.0000     7.2130
      1.8500   129.0000     7.2595
      1.8500   130.0000     7.3126
      1.8500   131.0000     7.3720
      1.8500   132.0000     7.4372
      1.8500   133.0000     7.5081
      1.8500   134.0000     7.5841
      1.8500   135.0000     7.6650
      1.8500   136.0000     7.7504
      1.8500   137.0000     7.8399
      1.8500   138.0000     7.9333
      1.8500   139.0000     8.0302
      1.8500   140.0000     8.1302
      1.8500   141.0000     8.2331
      1.8500   142.0000     8.3384
      1.8500   143.0000     8.4460
      1.8500   144.0000     8.5555
      1.8500   145.0000     8.6664
      1.8500   146.0000     8.7787
      1.8500   147.0000     8.8918
      1.8500   148.0000     9.0056
      1.8500   149.0000     9.1196
      1.8500   150.0000     9.2337
      1.8500   151.0000     9.3475
      1.8500   152.0000     9.4606
      1.8500   153.0000     9.5728
      1.8500   154.0000     9.6839
      1.8500   155.0000     9.7935
      1.8500   156.0000     9.9013
      1.8500   157.0000    10.0071
      1.8500   158.0000    10.1105
      1.8500   159.0000    10.2114
      1.8500   160.0000    10.3095
      1.8500   161.0000    10.4044
      1.8500   162.0000    10.4961
      1.8500   163.0000    10.5842
      1.8500   164.0000    10.6685
      1.8500   165.0000    10.7488
      1.8500   166.0000    10.8249
      1.8500   167.0000    10.8966
      1.8500   168.0000    10.9638
      1.8500   169.0000    11.0262
      1.9000    90.0000    11.8503
      1.9000    91.0000    11.2765
      1.9000    92.0000    10.7361
      1.9000    93.0000    10.2276
      1.9000    94.0000     9.7496
      1.9000    95.0000     9.3008
      1.9000    96.0000     8.8798
      1.9000    97.0000     8.4853
      1.9000    98.0000     8.1162
      1.9000    99.0000     7.7713
      1.9000   100.0000     7.4494
      1.9000   101.0000     7.1495
      1.9000   102.0000     6.8706
      1.9000   103.0000     6.6117
      1.9000   104.0000     6.3719
      1.9000   105.0000     6.1502
      1.9000   106.0000     5.9459
      1.9000   107.0000     5.7581
      1.9000   108.0000     5.5861
      1.9000   109.0000     5.4292
      1.9000   110.0000     5.2866
      1.9000   111.0000     5.1577
      1.9000   112.0000     5.0420
      1.9000   113.0000     4.9386
      1.9000   114.0000     4.8472
      1.9000   115.0000     4.7672
      1.9000   116.0000     4.6980
      1.9000   117.0000     4.6392
      1.9000   118.0000     4.5903
      1.9000   119.0000     4.5507
      1.9000   120.0000     4.5202
      1.9000   121.0000     4.4982
      1.9000   122.0000     4.4844
      1.9000   123.0000     4.4783
      1.9000   124.0000     4.4797
      1.9000   125.0000     4.4880
      1.9000   126.0000     4.5031
      1.9000   128.0000     4.5518
      1.9000   129.0000     4.5848
      1.9000   130.0000     4.6231
      1.9000   131.0000     4.6665
      1.9000   132.0000     4.7146
      1.9000   133.0000     4.7671
      1.9000   134.0000     4.8237
      1.9000   135.0000     4.8842
      1.9000   136.0000     4.9482
      1.9000   137.0000     5.0154
      1.9000   139.0000     5.1587
      1.9000   140.0000     5.2341
      1.9000   141.0000     5.3117
      1.9000   142.0000     5.3912
      1.9000   143.0000     5.4724
      1.9000   144.0000     5.5550
      1.9000   145.0000     5.6387
      1.9000   146.0000     5.7234
      1.9000   147.0000     5.8087
      1.9000   148.0000     5.8944
      1.9000   149.0000     5.9803
      1.9000   150.0000     6.0661
      1.9000   151.0000     6.1516
      1.9000   152.0000     6.2366
      1.9000   153.0000     6.3208
      1.9000   154.0000     6.4041
      1.9000   155.0000     6.4862
      1.9000   156.0000     6.5669
      1.9000   157.0000     6.6460
      1.9000   158.0000     6.7233
      1.9000   159.0000     6.7986
      1.9000   160.0000     6.8717
      1.9000   161.0000     6.9425
      1.9000   162.0000     7.0107
      1.9000   164.0000     7.1388
      1.9000   165.0000     7.1984
      1.9000   166.0000     7.2549
      1.9000   167.0000     7.3081
      1.9000   168.0000     7.3578
      1.9000   169.0000     7.4040
      1.9500    90.0000     8.2923
      1.9500    91.0000     7.8134
      1.9500    92.0000     7.3626
      1.9500    93.0000     6.9385
      1.9500    94.0000     6.5400
      1.9500    95.0000     6.1659
      1.9500    96.0000     5.8150
      1.9500    97.0000     5.4863
      1.9500    98.0000     5.1787
      1.9500    99.0000     4.8912
      1.9500   100.0000     4.6229
      1.9500   101.0000     4.3729
      1.9500   102.0000     4.1402
      1.9500   103.0000     3.9242
      1.9500   104.0000     3.7239
      1.9500   105.0000     3.5386
      1.9500   106.0000     3.3677
      1.9500   107.0000     3.2105
      1.9500   108.0000     3.0662
      1.9500   109.0000     2.9343
      1.9500   110.0000     2.8143
      1.9500   111.0000     2.7055
      1.9500   112.0000     2.6075
      1.9500   113.0000     2.5197
      1.9500   114.0000     2.4417
      1.9500   115.0000     2.3730
      1.9500   116.0000     2.3132
      1.9500   117.0000     2.2619
      1.9500   118.0000     2.2187
      1.9500   119.0000     2.1831
      1.9500   120.0000     2.1549
      1.9500   121.0000     2.1337
      1.9500   122.0000     2.1191
      1.9500   123.0000     2.1108
      1.9500   124.0000     2.1086
      1.9500   125.0000     2.1120
      1.9500   126.0000     2.1209
      1.9500   127.0000     2.1348
      1.9500   128.0000     2.1536
      1.9500   129.0000     2.1770
      1.9500   130.0000     2.2047
      1.9500   131.0000     2.2364
      1.9500   132.0000     2.2718
      1.9500   133.0000     2.3108
      1.9500   134.0000     2.3531
      1.9500   135.0000     2.3984
      1.9500   136.0000     2.4466
      1.9500   137.0000     2.4973
      1.9500   138.0000     2.5503
      1.9500   139.0000     2.6055
      1.9500   140.0000     2.6626
      1.9500   141.0000     2.7214
      1.9500   142.0000     2.7816
      1.9500   143.0000     2.8431
      1.9500   144.0000     2.9057
      1.9500   145.0000     2.9692
      1.9500   146.0000     3.0333
      1.9500   147.0000     3.0979
      1.9500   148.0000     3.1628
      1.9500   149.0000     3.2278
      1.9500   150.0000     3.2927
      1.9500   151.0000     3.3573
      1.9500   152.0000     3.4215
      1.9500   153.0000     3.4851
      1.9500   154.0000     3.5479
      1.9500   155.0000     3.6098
      1.9500   156.0000     3.6706
      1.9500   157.0000     3.7301
      1.9500   158.0000     3.7882
      1.9500   159.0000     3.8448
      1.9500   160.0000     3.8997
      1.9500   161.0000     3.9528
      1.9500   162.0000     4.0039
      1.9500   163.0000     4.0530
      1.9500   164.0000     4.0999
      1.9500   165.0000     4.1445
      1.9500   166.0000     4.1867
      1.9500   167.0000     4.2264
      1.9500   168.0000     4.2636
      1.9500   169.0000     4.2980
      2.0000    90.0000     5.1811
      2.0000    91.0000     4.7810
      2.0000    92.0000     4.4045
      2.0000    93.0000     4.0505
      2.0000    94.0000     3.7179
      2.0000    95.0000     3.4058
      2.0000    96.0000     3.1131
      2.0000    97.0000     2.8390
      2.0000    98.0000     2.5825
      2.0000    99.0000     2.3428
      2.0000   100.0000     2.1190
      2.0000   101.0000     1.9105
      2.0000   102.0000     1.7165
      2.0000   103.0000     1.5363
      2.0000   104.0000     1.3691
      2.0000   105.0000     1.2145
      2.0000   106.0000     1.0717
      2.0000   107.0000     0.9402
      2.0000   108.0000     0.8195
      2.0000   109.0000     0.7090
      2.0000   110.0000     0.6084
      2.0000   111.0000     0.5170
      2.0000   112.0000     0.4344
      2.0000   113.0000     0.3603
      2.0000   114.0000     0.2943
      2.0000   115.0000     0.2359
      2.0000   116.0000     0.1848
      2.0000   117.0000     0.1407
      2.0000   118.0000     0.1031
      2.0000   119.0000     0.0719
      2.0000   120.0000     0.0467
      2.0000   121.0000     0.0272
      2.0000   122.0000     0.0131
      2.0000   123.0000     0.0041
      2.0000   124.0000     0.0000
      2.0000   125.0000     0.0005
      2.0000   126.0000     0.0055
      2.0000   127.0000     0.0145
      2.0000   128.0000     0.0275
      2.0000   129.0000     0.0441
      2.0000   130.0000     0.0642
      2.0000   131.0000     0.0874
      2.0000   132.0000     0.1138
      2.0000   133.0000     0.1429
      2.0000   134.0000     0.1746
      2.0000   135.0000     0.2088
      2.0000   136.0000     0.2451
      2.0000   137.0000     0.2835
      2.0000   138.0000     0.3237
      2.0000   139.0000     0.3656
      2.0000   140.0000     0.4089
      2.0000   141.0000     0.4536
      2.0000   142.0000     0.4994
      2.0000   143.0000     0.5462
      2.0000   144.0000     0.5938
      2.0000   145.0000     0.6421
      2.0000   146.0000     0.6908
      2.0000   147.0000     0.7399
      2.0000   148.0000     0.7892
      2.0000   149.0000     0.8386
      2.0000   150.0000     0.8878
      2.0000   151.0000     0.9369
      2.0000   152.0000     0.9856
      2.0000   153.0000     1.0338
      2.0000   154.0000     1.0814
      2.0000   155.0000     1.1282
      2.0000   156.0000     1.1742
      2.0000   157.0000     1.2192
      2.0000   159.0000     1.3059
      2.0000   160.0000     1.3473
      2.0000   161.0000     1.3873
      2.0000   162.0000     1.4259
      2.0000   163.0000     1.4629
      2.0000   164.0000     1.4982
      2.0000   165.0000     1.5318
      2.0000   166.0000     1.5635
      2.0000   167.0000     1.5934
      2.0000   168.0000     1.6213
      2.0000   169.0000     1.6472
